0	-0.005
0.0020024562	-0.005
0.0066147052	-0.005
0.013590308	-0.005
0.022578889	-0.005
0.033129617	-0.005
0.044713404	-0.005
0.05674938	-0.005
0.068634008	-0.005
0.079771347	-0.005
0.089602938	-0.005
0.097635824	-0.005
0.10346737	-0.005
0.10680655	-0.005
0.10759898	-0.005
0.10960143	-0.005
0.11421368	-0.005
0.12118928	-0.005
0.13017786	-0.005
0.14072859	-0.005
0.15231238	-0.005
0.16434835	-0.005
0.17623298	-0.005
0.18737032	-0.005
0.19720191	-0.005
0.2052348	-0.005
0.21106635	-0.005
0.21440552	-0.005
0.21519795	-0.005
0.21720041	-0.005
0.22181266	-0.005
0.22878826	-0.005
0.23777684	-0.005
0.24832757	-0.005
0.25991135	-0.005
0.27194733	-0.005
0.28383196	-0.005
0.2949693	-0.005
0.30480089	-0.005
0.31283377	-0.005
0.31866533	-0.005
0.3220045	-0.005
0.32279693	-0.005
0.32479938	-0.005
0.32941163	-0.005
0.33638723	-0.005
0.34537581	-0.005
0.35592654	-0.005
0.36751033	-0.005
0.37954631	-0.005
0.39143093	-0.005
0.40256827	-0.005
0.41239986	-0.005
0.42043275	-0.005
0.4262643	-0.005
0.42960347	-0.005
0.4303959	-0.005
0.43239836	-0.005
0.43701061	-0.005
0.44398621	-0.005
0.45297479	-0.005
0.46352552	-0.005
0.4751093	-0.005
0.48714528	-0.005
0.49902991	-0.005
0.51016725	-0.005
0.51999884	-0.005
0.52803173	-0.005
0.53386328	-0.005
0.53720245	-0.005
0.53799488	-0.005
0.53999733	-0.005
0.54460958	-0.005
0.55158518	-0.005
0.56057377	-0.005
0.57112449	-0.005
0.58270828	-0.005
0.59474426	-0.005
0.60662888	-0.005
0.61776622	-0.005
0.62759781	-0.005
0.6356307	-0.005
0.64146225	-0.005
0.64480142	-0.005
0.64559385	-0.005
0.64759631	-0.005
0.65220856	-0.005
0.65918416	-0.005
0.66817274	-0.005
0.67872347	-0.005
0.69030726	-0.005
0.70234323	-0.005
0.71422786	-0.005
0.7253652	-0.005
0.73519679	-0.005
0.74322968	-0.005
0.74906123	-0.005
0.7524004	-0.005
0.75319283	-0.005
0.75519528	-0.005
0.75980753	-0.005
0.76678313	-0.005
0.77577172	-0.005
0.78632244	-0.005
0.79790623	-0.005
0.80994221	-0.005
0.82182683	-0.005
0.83296417	-0.005
0.84279576	-0.005
0.85082865	-0.005
0.8566602	-0.005
0.85999937	-0.005
0.8607918	-0.005
0.86279426	-0.005
0.86740651	-0.005
0.87438211	-0.005
0.88337069	-0.005
0.89392142	-0.005
0.90550521	-0.005
0.91754118	-0.005
0.92942581	-0.005
0.94056315	-0.005
0.95039474	-0.005
0.95842763	-0.005
0.96425918	-0.005
0.96759835	-0.005
0.96839078	-0.005
0.97039323	-0.005
0.97500548	-0.005
0.98198109	-0.005
0.99096967	-0.005
1.0015204	-0.005
1.0131042	-0.005
1.0251402	-0.005
1.0370248	-0.005
1.0481621	-0.005
1.0579937	-0.005
1.0660266	-0.005
1.0718582	-0.005
1.0751973	-0.005
1.0759898	-0.005
1.0779922	-0.005
1.0826045	-0.005
1.0895801	-0.005
1.0985686	-0.005
1.1091194	-0.005
1.1207032	-0.005
1.1327391	-0.005
1.1446238	-0.005
1.1557611	-0.005
1.1655927	-0.005
1.1736256	-0.005
1.1794571	-0.005
1.1827963	-0.005
1.1835887	-0.005
1.1855912	-0.005
1.1902034	-0.005
1.197179	-0.005
1.2061676	-0.005
1.2167183	-0.005
1.2283021	-0.005
1.2403381	-0.005
1.2522227	-0.005
1.2633601	-0.005
1.2731917	-0.005
1.2812246	-0.005
1.2870561	-0.005
1.2903953	-0.005
1.2911877	-0.005
1.2931902	-0.005
1.2978024	-0.005
1.304778	-0.005
1.3137666	-0.005
1.3243173	-0.005
1.3359011	-0.005
1.3479371	-0.005
1.3598217	-0.005
1.3709591	-0.005
1.3807906	-0.005
1.3888235	-0.005
1.3946551	-0.005
1.3979942	-0.005
1.3987867	-0.005
1.4007891	-0.005
1.4054014	-0.005
1.412377	-0.005
1.4213656	-0.005
1.4319163	-0.005
1.4435001	-0.005
1.4555361	-0.005
1.4674207	-0.005
1.478558	-0.005
1.4883896	-0.005
1.4964225	-0.005
1.5022541	-0.005
1.5055932	-0.005
1.5063857	-0.005
1.5083881	-0.005
1.5130004	-0.005
1.519976	-0.005
1.5289645	-0.005
1.5395153	-0.005
1.5510991	-0.005
1.563135	-0.005
1.5750197	-0.005
1.586157	-0.005
1.5959886	-0.005
1.6040215	-0.005
1.609853	-0.005
1.6131922	-0.005
1.6139846	-0.005
1.6159871	-0.005
1.6205993	-0.005
1.6275749	-0.005
1.6365635	-0.005
1.6471142	-0.005
1.658698	-0.005
1.670734	-0.005
1.6826186	-0.005
1.693756	-0.005
1.7035876	-0.005
1.7116205	-0.005
1.717452	-0.005
1.7207912	-0.005
1.7215836	-0.005
1.7235861	-0.005
1.7281983	-0.005
1.7351739	-0.005
1.7441625	-0.005
1.7547132	-0.005
1.766297	-0.005
1.778333	-0.005
1.7902176	-0.005
1.801355	-0.005
1.8111865	-0.005
1.8192194	-0.005
1.825051	-0.005
1.8283902	-0.005
1.8291826	-0.005
1.831185	-0.005
1.8357973	-0.005
1.8427729	-0.005
1.8517615	-0.005
1.8623122	-0.005
1.873896	-0.005
1.885932	-0.005
1.8978166	-0.005
1.9089539	-0.005
1.9187855	-0.005
1.9268184	-0.005
1.93265	-0.005
1.9359891	-0.005
1.9367816	-0.005
1.938784	-0.005
1.9433963	-0.005
1.9503719	-0.005
1.9593604	-0.005
1.9699112	-0.005
1.981495	-0.005
1.9935309	-0.005
2.0054156	-0.005
2.0165529	-0.005
2.0263845	-0.005
2.0344174	-0.005
2.0402489	-0.005
2.0435881	-0.005
2.0443805	-0.005
2.046383	-0.005
2.0509952	-0.005
2.0579708	-0.005
2.0669594	-0.005
2.0775101	-0.005
2.0890939	-0.005
2.1011299	-0.005
2.1130145	-0.005
2.1241519	-0.005
2.1339835	-0.005
2.1420164	-0.005
2.1478479	-0.005
2.1511871	-0.005
2.1519795	-0.005
2.153982	-0.005
2.1585942	-0.005
2.1655698	-0.005
2.1745584	-0.005
2.1851091	-0.005
2.1966929	-0.005
2.2087289	-0.005
2.2206135	-0.005
2.2317509	-0.005
2.2415824	-0.005
2.2496153	-0.005
2.2554469	-0.005
2.2587861	-0.005
2.2595785	-0.005
2.2615809	-0.005
2.2661932	-0.005
2.2731688	-0.005
2.2821574	-0.005
2.2927081	-0.005
2.3042919	-0.005
2.3163279	-0.005
2.3282125	-0.005
2.3393498	-0.005
2.3491814	-0.005
2.3572143	-0.005
2.3630459	-0.005
2.366385	-0.005
2.3671775	-0.005
2.3691799	-0.005
2.3737922	-0.005
2.3807678	-0.005
2.3897563	-0.005
2.4003071	-0.005
2.4118909	-0.005
2.4239268	-0.005
2.4358115	-0.005
2.4469488	-0.005
2.4567804	-0.005
2.4648133	-0.005
2.4706448	-0.005
2.473984	-0.005
2.4747764	-0.005
2.4767789	-0.005
2.4813911	-0.005
2.4883667	-0.005
2.4973553	-0.005
2.507906	-0.005
2.5194898	-0.005
2.5315258	-0.005
2.5434104	-0.005
2.5545478	-0.005
2.5643794	-0.005
2.5724123	-0.005
2.5782438	-0.005
2.581583	-0.005
2.5823754	-0.005
2.5843779	-0.005
2.5889901	-0.005
2.5959657	-0.005
2.6049543	-0.005
2.615505	-0.005
2.6270888	-0.005
2.6391248	-0.005
2.6510094	-0.005
2.6621468	-0.005
2.6719783	-0.005
2.6800112	-0.005
2.6858428	-0.005
2.689182	-0.005
2.6899744	-0.005
2.6919768	-0.005
2.6965891	-0.005
2.7035647	-0.005
2.7125533	-0.005
2.723104	-0.005
2.7346878	-0.005
2.7467238	-0.005
2.7586084	-0.005
2.7697457	-0.005
2.7795773	-0.005
2.7876102	-0.005
2.7934418	-0.005
2.7967809	-0.005
2.7975734	-0.005
2.7995758	-0.005
2.8041881	-0.005
2.8111637	-0.005
2.8201522	-0.005
2.830703	-0.005
2.8422868	-0.005
2.8543227	-0.005
2.8662074	-0.005
2.8773447	-0.005
2.8871763	-0.005
2.8952092	-0.005
2.9010407	-0.005
2.9043799	-0.005
2.9051723	-0.005
2.9071748	-0.005
2.911787	-0.005
2.9187626	-0.005
2.9277512	-0.005
2.9383019	-0.005
2.9498857	-0.005
2.9619217	-0.005
2.9738063	-0.005
2.9849437	-0.005
2.9947753	-0.005
3.0028082	-0.005
3.0086397	-0.005
3.0119789	-0.005
3.0127713	-0.005
3.0147738	-0.005
3.019386	-0.005
3.0263616	-0.005
3.0353502	-0.005
3.0459009	-0.005
3.0574847	-0.005
3.0695207	-0.005
3.0814053	-0.005
3.0925427	-0.005
3.1023742	-0.005
3.1104071	-0.005
3.1162387	-0.005
3.1195779	-0.005
3.1203703	-0.005
3.1223727	-0.005
3.126985	-0.005
3.1339606	-0.005
3.1429492	-0.005
3.1534999	-0.005
3.1650837	-0.005
3.1771197	-0.005
3.1890043	-0.005
3.2001416	-0.005
3.2099732	-0.005
3.2180061	-0.005
3.2238377	-0.005
3.2271768	-0.005
3.2279693	-0.005
3.2299717	-0.005
3.234584	-0.005
3.2415596	-0.005
3.2505481	-0.005
3.2610989	-0.005
3.2726827	-0.005
3.2847186	-0.005
3.2966033	-0.005
3.3077406	-0.005
3.3175722	-0.005
3.3256051	-0.005
3.3314366	-0.005
3.3347758	-0.005
3.3355682	-0.005
3.3375707	-0.005
3.3421829	-0.005
3.3491585	-0.005
3.3581471	-0.005
3.3686979	-0.005
3.3802816	-0.005
3.3923176	-0.005
3.4042022	-0.005
3.4153396	-0.005
3.4251712	-0.005
3.4332041	-0.005
3.4390356	-0.005
3.4423748	-0.005
3.4431672	-0.005
3.4458372	-0.005
3.4519868	-0.005
3.4612876	-0.005
3.4732724	-0.005
3.48734	-0.005
3.5027851	-0.005
3.518833	-0.005
3.5346792	-0.005
3.549529	-0.005
3.5626378	-0.005
3.5733483	-0.005
3.5811237	-0.005
3.5855759	-0.005
3.5866325	-0.005
3.5893025	-0.005
3.5954521	-0.005
3.6047529	-0.005
3.6167377	-0.005
3.6308053	-0.005
3.6462504	-0.005
3.6622983	-0.005
3.6781445	-0.005
3.6929943	-0.005
3.7061031	-0.005
3.7168136	-0.005
3.724589	-0.005
3.7290412	-0.005
3.7300978	-0.005
3.7327678	-0.005
3.7389174	-0.005
3.7482182	-0.005
3.760203	-0.005
3.7742706	-0.005
3.7897157	-0.005
3.8057636	-0.005
3.8216098	-0.005
3.8364596	-0.005
3.8495684	-0.005
3.8602789	-0.005
3.8680543	-0.005
3.8725065	-0.005
3.8735631	-0.005
3.8762331	-0.005
3.8823827	-0.005
3.8916835	-0.005
3.9036683	-0.005
3.9177359	-0.005
3.933181	-0.005
3.9492289	-0.005
3.9650751	-0.005
3.9799249	-0.005
3.9930337	-0.005
4.0037442	-0.005
4.0115196	-0.005
4.0159718	-0.005
4.0170284	-0.005
4.0196984	-0.005
4.025848	-0.005
4.0351488	-0.005
4.0471336	-0.005
4.0612012	-0.005
4.0766463	-0.005
4.0926942	-0.005
4.1085404	-0.005
4.1233902	-0.005
4.136499	-0.005
4.1472095	-0.005
4.1549849	-0.005
4.1594371	-0.005
4.1604937	-0.005
4.1631637	-0.005
4.1693133	-0.005
4.1786141	-0.005
4.1905989	-0.005
4.2046665	-0.005
4.2201116	-0.005
4.2361596	-0.005
4.2520057	-0.005
4.2668555	-0.005
4.2799643	-0.005
4.2906748	-0.005
4.2984502	-0.005
4.3029024	-0.005
4.303959	-0.005
4.3059615	-0.005
4.3105737	-0.005
4.3175493	-0.005
4.3265379	-0.005
4.3370886	-0.005
4.3486724	-0.005
4.3607084	-0.005
4.372593	-0.005
4.3837304	-0.005
4.3935619	-0.005
4.4015948	-0.005
4.4074264	-0.005
4.4107656	-0.005
4.411558	-0.005
4.4135604	-0.005
4.4181727	-0.005
4.4251483	-0.005
4.4341369	-0.005
4.4446876	-0.005
4.4562714	-0.005
4.4683074	-0.005
4.480192	-0.005
4.4913293	-0.005
4.5011609	-0.005
4.5091938	-0.005
4.5150254	-0.005
4.5183645	-0.005
4.519157	-0.005
4.5211594	-0.005
4.5257717	-0.005
4.5327473	-0.005
4.5417359	-0.005
4.5522866	-0.005
4.5638704	-0.005
4.5759063	-0.005
4.587791	-0.005
4.5989283	-0.005
4.6087599	-0.005
4.6167928	-0.005
4.6226243	-0.005
4.6259635	-0.005
4.6267559	-0.005
4.6287584	-0.005
4.6333706	-0.005
4.6403462	-0.005
4.6493348	-0.005
4.6598856	-0.005
4.6714693	-0.005
4.6835053	-0.005
4.6953899	-0.005
4.7065273	-0.005
4.7163589	-0.005
4.7243918	-0.005
4.7302233	-0.005
4.7335625	-0.005
4.7343549	-0.005
4.7363574	-0.005
4.7409696	-0.005
4.7479452	-0.005
4.7569338	-0.005
4.7674845	-0.005
4.7790683	-0.005
4.7911043	-0.005
4.8029889	-0.005
4.8141263	-0.005
4.8239579	-0.005
4.8319907	-0.005
4.8378223	-0.005
4.8411615	-0.005
4.8419539	-0.005
4.8439563	-0.005
4.8485686	-0.005
4.8555442	-0.005
4.8645328	-0.005
4.8750835	-0.005
4.8866673	-0.005
4.8987033	-0.005
4.9105879	-0.005
4.9217252	-0.005
4.9315568	-0.005
4.9395897	-0.005
4.9454213	-0.005
4.9487604	-0.005
4.9495529	-0.005
4.9515553	-0.005
4.9561676	-0.005
4.9631432	-0.005
4.9721318	-0.005
4.9826825	-0.005
4.9942663	-0.005
5.0063022	-0.005
5.0181869	-0.005
5.0293242	-0.005
5.0391558	-0.005
5.0471887	-0.005
5.0530202	-0.005
5.0563594	-0.005
5.0571518	-0.005
5.0591543	-0.005
5.0637665	-0.005
5.0707421	-0.005
5.0797307	-0.005
5.0902815	-0.005
5.1018652	-0.005
5.1139012	-0.005
5.1257858	-0.005
5.1369232	-0.005
5.1467548	-0.005
5.1547877	-0.005
5.1606192	-0.005
5.1639584	-0.005
5.1647508	-0.005
5.1674208	-0.005
5.1735704	-0.005
5.1828712	-0.005
5.194856	-0.005
5.2089236	-0.005
5.2243687	-0.005
5.2404167	-0.005
5.2562628	-0.005
5.2711126	-0.005
5.2842214	-0.005
5.2949319	-0.005
5.3027073	-0.005
5.3071595	-0.005
5.3082161	-0.005
5.3108861	-0.005
5.3170357	-0.005
5.3263365	-0.005
5.3383213	-0.005
5.3523889	-0.005
5.367834	-0.005
5.383882	-0.005
5.3997281	-0.005
5.4145779	-0.005
5.4276867	-0.005
5.4383972	-0.005
5.4461726	-0.005
5.4506248	-0.005
5.4516814	-0.005
5.4543514	-0.005
5.460501	-0.005
5.4698018	-0.005
5.4817866	-0.005
5.4958542	-0.005
5.5112993	-0.005
5.5273473	-0.005
5.5431934	-0.005
5.5580432	-0.005
5.571152	-0.005
5.5818625	-0.005
5.5896379	-0.005
5.5940901	-0.005
5.5951467	-0.005
5.5978167	-0.005
5.6039663	-0.005
5.6132671	-0.005
5.6252519	-0.005
5.6393195	-0.005
5.6547646	-0.005
5.6708126	-0.005
5.6866587	-0.005
5.7015085	-0.005
5.7146173	-0.005
5.7253278	-0.005
5.7331032	-0.005
5.7375554	-0.005
5.738612	-0.005
5.741282	-0.005
5.7474316	-0.005
5.7567324	-0.005
5.7687172	-0.005
5.7827848	-0.005
5.7982299	-0.005
5.8142779	-0.005
5.830124	-0.005
5.8449738	-0.005
5.8580826	-0.005
5.8687931	-0.005
5.8765685	-0.005
5.8810207	-0.005
5.8820773	-0.005
5.8847473	-0.005
5.8908969	-0.005
5.9001977	-0.005
5.9121825	-0.005
5.9262501	-0.005
5.9416952	-0.005
5.9577432	-0.005
5.9735893	-0.005
5.9884391	-0.005
6.0015479	-0.005
6.0122584	-0.005
6.0200338	-0.005
6.024486	-0.005
6.0255426	-0.005
6.0282126	-0.005
6.0343622	-0.005
6.043663	-0.005
6.0556478	-0.005
6.0697154	-0.005
6.0851605	-0.005
6.1012085	-0.005
6.1170546	-0.005
6.1319044	-0.005
6.1450132	-0.005
6.1557237	-0.005
6.1634991	-0.005
6.1679513	-0.005
6.1690079	-0.005
6.1716779	-0.005
6.1778275	-0.005
6.1871283	-0.005
6.1991131	-0.005
6.2131807	-0.005
6.2286258	-0.005
6.2446738	-0.005
6.2605199	-0.005
6.2753697	-0.005
6.2884785	-0.005
6.299189	-0.005
6.3069644	-0.005
6.3114166	-0.005
6.3124732	-0.005
6.3151432	-0.005
6.3212928	-0.005
6.3305936	-0.005
6.3425784	-0.005
6.356646	-0.005
6.3720911	-0.005
6.3881391	-0.005
6.4039852	-0.005
6.418835	-0.005
6.4319438	-0.005
6.4426543	-0.005
6.4504297	-0.005
6.4548819	-0.005
6.4559385	-0.005
6.4586085	-0.005
6.4647581	-0.005
6.4740589	-0.005
6.4860437	-0.005
6.5001113	-0.005
6.5155564	-0.005
6.5316044	-0.005
6.5474505	-0.005
6.5623003	-0.005
6.5754091	-0.005
6.5861196	-0.005
6.593895	-0.005
6.5983472	-0.005
6.5994038	-0.005
6.6020738	-0.005
6.6082234	-0.005
6.6175242	-0.005
6.629509	-0.005
6.6435766	-0.005
6.6590217	-0.005
6.6750697	-0.005
6.6909158	-0.005
6.7057656	-0.005
6.7188744	-0.005
6.7295849	-0.005
6.7373603	-0.005
6.7418125	-0.005
6.7428691	-0.005
6.7455391	-0.005
6.7516887	-0.005
6.7609895	-0.005
6.7729743	-0.005
6.7870419	-0.005
6.802487	-0.005
6.818535	-0.005
6.8343811	-0.005
6.8492309	-0.005
6.8623397	-0.005
6.8730502	-0.005
6.8808256	-0.005
6.8852778	-0.005
6.8863344	-0.005
6.8883369	-0.005
6.8929491	-0.005
6.8999247	-0.005
6.9089133	-0.005
6.919464	-0.005
6.9310478	-0.005
6.9430838	-0.005
6.9549684	-0.005
6.9661058	-0.005
6.9759374	-0.005
6.9839702	-0.005
6.9898018	-0.005
6.993141	-0.005
6.9939334	-0.005
6.9959358	-0.005
7.0005481	-0.005
7.0075237	-0.005
7.0165123	-0.005
7.027063	-0.005
7.0386468	-0.005
7.0506828	-0.005
7.0625674	-0.005
7.0737047	-0.005
7.0835363	-0.005
7.0915692	-0.005
7.0974008	-0.005
7.1007399	-0.005
7.1015324	-0.005
7.1035348	-0.005
7.1081471	-0.005
7.1151227	-0.005
7.1241113	-0.005
7.134662	-0.005
7.1462458	-0.005
7.1582817	-0.005
7.1701664	-0.005
7.1813037	-0.005
7.1911353	-0.005
7.1991682	-0.005
7.2049997	-0.005
7.2083389	-0.005
7.2091313	-0.005
7.2111338	-0.005
7.215746	-0.005
7.2227217	-0.005
7.2317102	-0.005
7.242261	-0.005
7.2538447	-0.005
7.2658807	-0.005
7.2777654	-0.005
7.2889027	-0.005
7.2987343	-0.005
7.3067672	-0.005
7.3125987	-0.005
7.3159379	-0.005
7.3167303	-0.005
7.3187328	-0.005
7.323345	-0.005
7.3303206	-0.005
7.3393092	-0.005
7.3498599	-0.005
7.3614437	-0.005
7.3734797	-0.005
7.3853643	-0.005
7.3965017	-0.005
7.4063333	-0.005
7.4143661	-0.005
7.4201977	-0.005
7.4235369	-0.005
7.4243293	-0.005
7.4263318	-0.005
7.430944	-0.005
7.4379196	-0.005
7.4469082	-0.005
7.4574589	-0.005
7.4690427	-0.005
7.4810787	-0.005
7.4929633	-0.005
7.5041006	-0.005
7.5139322	-0.005
7.5219651	-0.005
7.5277967	-0.005
7.5311358	-0.005
7.5319283	-0.005
7.5339307	-0.005
7.538543	-0.005
7.5455186	-0.005
7.5545072	-0.005
7.5650579	-0.005
7.5766417	-0.005
7.5886776	-0.005
7.6005623	-0.005
7.6116996	-0.005
7.6215312	-0.005
7.6295641	-0.005
7.6353956	-0.005
7.6387348	-0.005
7.6395272	-0.005
7.6415297	-0.005
7.6461419	-0.005
7.6531176	-0.005
7.6621061	-0.005
7.6726569	-0.005
7.6842406	-0.005
7.6962766	-0.005
7.7081613	-0.005
7.7192986	-0.005
7.7291302	-0.005
7.7371631	-0.005
7.7429946	-0.005
7.7463338	-0.005
7.7471262	-0.005
7.7491287	-0.005
7.7537409	-0.005
7.7607165	-0.005
7.7697051	-0.005
7.7802558	-0.005
7.7918396	-0.005
7.8038756	-0.005
7.8157602	-0.005
7.8268976	-0.005
7.8367292	-0.005
7.844762	-0.005
7.8505936	-0.005
7.8539328	-0.005
7.8547252	-0.005
7.8567277	-0.005
7.8613399	-0.005
7.8683155	-0.005
7.8773041	-0.005
7.8878548	-0.005
7.8994386	-0.005
7.9114746	-0.005
7.9233592	-0.005
7.9344965	-0.005
7.9443281	-0.005
7.952361	-0.005
7.9581926	-0.005
7.9615317	-0.005
7.9623242	-0.005
7.9643266	-0.005
7.9689389	-0.005
7.9759145	-0.005
7.9849031	-0.005
7.9954538	-0.005
8.0070376	-0.005
8.0190736	-0.005
8.0309582	-0.005
8.0420955	-0.005
8.0519271	-0.005
8.05996	-0.005
8.0657915	-0.005
8.0691307	-0.005
8.0699231	-0.005
8.0719256	-0.005
8.0765379	-0.005
8.0835135	-0.005
8.092502	-0.005
8.1030528	-0.005
8.1146365	-0.005
8.1266725	-0.005
8.1385572	-0.005
8.1496945	-0.005
8.1595261	-0.005
8.167559	-0.005
8.1733905	-0.005
8.1767297	-0.005
8.1775221	-0.005
8.1795246	-0.005
8.1841368	-0.005
8.1911124	-0.005
8.200101	-0.005
8.2106517	-0.005
8.2222355	-0.005
8.2342715	-0.005
8.2461561	-0.005
8.2572935	-0.005
8.2671251	-0.005
8.2751579	-0.005
8.2809895	-0.005
8.2843287	-0.005
8.2851211	-0.005
8.2871236	-0.005
8.2917358	-0.005
8.2987114	-0.005
8.3077	-0.005
8.3182507	-0.005
8.3298345	-0.005
8.3418705	-0.005
8.3537551	-0.005
8.3648924	-0.005
8.374724	-0.005
8.3827569	-0.005
8.3885885	-0.005
8.3919276	-0.005
8.3927201	-0.005
8.3947225	-0.005
8.3993348	-0.005
8.4063104	-0.005
8.415299	-0.005
8.4258497	-0.005
8.4374335	-0.005
8.4494695	-0.005
8.4613541	-0.005
8.4724914	-0.005
8.482323	-0.005
8.4903559	-0.005
8.4961874	-0.005
8.4995266	-0.005
8.500319	-0.005
8.5023215	-0.005
8.5069338	-0.005
8.5139094	-0.005
8.5228979	-0.005
8.5334487	-0.005
8.5450325	-0.005
8.5570684	-0.005
8.5689531	-0.005
8.5800904	-0.005
8.589922	-0.005
8.5979549	-0.005
8.6037864	-0.005
8.6071256	-0.005
8.607918	-0.005
8.6099205	-0.005
8.6145327	-0.005
8.6215083	-0.005
8.6304969	-0.005
8.6410476	-0.005
8.6526314	-0.005
8.6646674	-0.005
8.676552	-0.005
8.6876894	-0.005
8.697521	-0.005
8.7055538	-0.005
8.7113854	-0.005
8.7147246	-0.005
8.715517	-0.005
8.7175195	-0.005
8.7221317	-0.005
8.7291073	-0.005
8.7380959	-0.005
8.7486466	-0.005
8.7602304	-0.005
8.7722664	-0.005
8.784151	-0.005
8.7952883	-0.005
8.8051199	-0.005
8.8131528	-0.005
8.8189844	-0.005
8.8223235	-0.005
8.823116	-0.005
8.8251184	-0.005
8.8297307	-0.005
8.8367063	-0.005
8.8456949	-0.005
8.8562456	-0.005
8.8678294	-0.005
8.8798654	-0.005
8.89175	-0.005
8.9028873	-0.005
8.9127189	-0.005
8.9207518	-0.005
8.9265833	-0.005
8.9299225	-0.005
8.9307149	-0.005
8.9327174	-0.005
8.9373297	-0.005
8.9443053	-0.005
8.9532938	-0.005
8.9638446	-0.005
8.9754284	-0.005
8.9874643	-0.005
8.999349	-0.005
9.0104863	-0.005
9.0203179	-0.005
9.0283508	-0.005
9.0341823	-0.005
9.0375215	-0.005
9.0383139	-0.005
9.0403164	-0.005
9.0449286	-0.005
9.0519042	-0.005
9.0608928	-0.005
9.0714435	-0.005
9.0830273	-0.005
9.0950633	-0.005
9.1069479	-0.005
9.1180853	-0.005
9.1279169	-0.005
9.1359497	-0.005
9.1417813	-0.005
9.1451205	-0.005
9.1459129	-0.005
9.1479154	-0.005
9.1525276	-0.005
9.1595032	-0.005
9.1684918	-0.005
9.1790425	-0.005
9.1906263	-0.005
9.2026623	-0.005
9.2145469	-0.005
9.2256842	-0.005
9.2355158	-0.005
9.2435487	-0.005
9.2493803	-0.005
9.2527194	-0.005
9.2535119	-0.005
9.2555143	-0.005
9.2601266	-0.005
9.2671022	-0.005
9.2760908	-0.005
9.2866415	-0.005
9.2982253	-0.005
9.3102613	-0.005
9.3221459	-0.005
9.3332832	-0.005
9.3431148	-0.005
9.3511477	-0.005
9.3569792	-0.005
9.3603184	-0.005
9.3611108	-0.005
9.3631133	-0.005
9.3677256	-0.005
9.3747012	-0.005
9.3836897	-0.005
9.3942405	-0.005
9.4058243	-0.005
9.4178602	-0.005
9.4297449	-0.005
9.4408822	-0.005
9.4507138	-0.005
9.4587467	-0.005
9.4645782	-0.005
9.4679174	-0.005
9.4687098	-0.005
9.4707123	-0.005
9.4753245	-0.005
9.4823001	-0.005
9.4912887	-0.005
9.5018394	-0.005
9.5134232	-0.005
9.5254592	-0.005
9.5373438	-0.005
9.5484812	-0.005
9.5583128	-0.005
9.5663456	-0.005
9.5721772	-0.005
9.5755164	-0.005
9.5763088	-0.005
9.5783113	-0.005
9.5829235	-0.005
9.5898991	-0.005
9.5988877	-0.005
9.6094384	-0.005
9.6210222	-0.005
9.6330582	-0.005
9.6449428	-0.005
9.6560801	-0.005
9.6659117	-0.005
9.6739446	-0.005
9.6797762	-0.005
9.6831153	-0.005
9.6839078	-0.005
9.6859102	-0.005
9.6905225	-0.005
9.6974981	-0.005
9.7064867	-0.005
9.7170374	-0.005
9.7286212	-0.005
9.7406572	-0.005
9.7525418	-0.005
9.7636791	-0.005
9.7735107	-0.005
9.7815436	-0.005
9.7873751	-0.005
9.7907143	-0.005
9.7915068	-0.005
9.7935092	-0.005
9.7981215	-0.005
9.8050971	-0.005
9.8140856	-0.005
9.8246364	-0.005
9.8362202	-0.005
9.8482561	-0.005
9.8601408	-0.005
9.8712781	-0.005
9.8811097	-0.005
9.8891426	-0.005
9.8949741	-0.005
9.8983133	-0.005
9.8991057	-0.005
9.9011082	-0.005
9.9057204	-0.005
9.912696	-0.005
9.9216846	-0.005
9.9322353	-0.005
9.9438191	-0.005
9.9558551	-0.005
9.9677397	-0.005
9.9788771	-0.005
9.9887087	-0.005
9.9967415	-0.005
10.002573	-0.005
10.005912	-0.005
10.006705	-0.005
10.008707	-0.005
10.013319	-0.005
10.020295	-0.005
10.029284	-0.005
10.039834	-0.005
10.051418	-0.005
10.063454	-0.005
10.075339	-0.005
10.086476	-0.005
10.096308	-0.005
10.104341	-0.005
10.110172	-0.005
10.113511	-0.005
10.114304	-0.005
10.116306	-0.005
10.120918	-0.005
10.127894	-0.005
10.136883	-0.005
10.147433	-0.005
10.159017	-0.005
10.171053	-0.005
10.182938	-0.005
10.194075	-0.005
10.203907	-0.005
10.21194	-0.005
10.217771	-0.005
10.22111	-0.005
10.221903	-0.005
10.223905	-0.005
10.228517	-0.005
10.235493	-0.005
10.244482	-0.005
10.255032	-0.005
10.266616	-0.005
10.278652	-0.005
10.290537	-0.005
10.301674	-0.005
10.311506	-0.005
10.319538	-0.005
10.32537	-0.005
10.328709	-0.005
10.329502	-0.005
10.331504	-0.005
10.336116	-0.005
10.343092	-0.005
10.352081	-0.005
10.362631	-0.005
10.374215	-0.005
10.386251	-0.005
10.398136	-0.005
10.409273	-0.005
10.419105	-0.005
10.427137	-0.005
10.432969	-0.005
10.436308	-0.005
10.437101	-0.005
10.439103	-0.005
10.443715	-0.005
10.450691	-0.005
10.459679	-0.005
10.47023	-0.005
10.481814	-0.005
10.49385	-0.005
10.505735	-0.005
10.516872	-0.005
10.526704	-0.005
10.534736	-0.005
10.540568	-0.005
10.543907	-0.005
10.5447	-0.005
10.546702	-0.005
10.551314	-0.005
10.55829	-0.005
10.567278	-0.005
10.577829	-0.005
10.589413	-0.005
10.601449	-0.005
10.613334	-0.005
10.624471	-0.005
10.634303	-0.005
10.642335	-0.005
10.648167	-0.005
10.651506	-0.005
10.652299	-0.005
10.654301	-0.005
10.658913	-0.005
10.665889	-0.005
10.674877	-0.005
10.685428	-0.005
10.697012	-0.005
10.709048	-0.005
10.720933	-0.005
10.73207	-0.005
10.741901	-0.005
10.749934	-0.005
10.755766	-0.005
10.759105	-0.005
10.759898	-0.005
10.7619	-0.005
10.766512	-0.005
10.773488	-0.005
10.782476	-0.005
10.793027	-0.005
10.804611	-0.005
10.816647	-0.005
10.828532	-0.005
10.839669	-0.005
10.8495	-0.005
10.857533	-0.005
10.863365	-0.005
10.866704	-0.005
10.867497	-0.005
10.869499	-0.005
10.874111	-0.005
10.881087	-0.005
10.890075	-0.005
10.900626	-0.005
10.91221	-0.005
10.924246	-0.005
10.936131	-0.005
10.947268	-0.005
10.957099	-0.005
10.965132	-0.005
10.970964	-0.005
10.974303	-0.005
10.975095	-0.005
10.977098	-0.005
10.98171	-0.005
10.988686	-0.005
10.997674	-0.005
11.008225	-0.005
11.019809	-0.005
11.031845	-0.005
11.043729	-0.005
11.054867	-0.005
11.064698	-0.005
11.072731	-0.005
11.078563	-0.005
11.081902	-0.005
11.082694	-0.005
11.084697	-0.005
11.089309	-0.005
11.096285	-0.005
11.105273	-0.005
11.115824	-0.005
11.127408	-0.005
11.139444	-0.005
11.151328	-0.005
11.162466	-0.005
11.172297	-0.005
11.18033	-0.005
11.186162	-0.005
11.189501	-0.005
11.190293	-0.005
11.192296	-0.005
11.196908	-0.005
11.203884	-0.005
11.212872	-0.005
11.223423	-0.005
11.235007	-0.005
11.247043	-0.005
11.258927	-0.005
11.270065	-0.005
11.279896	-0.005
11.287929	-0.005
11.293761	-0.005
11.2971	-0.005
11.297892	-0.005
11.299895	-0.005
11.304507	-0.005
11.311483	-0.005
11.320471	-0.005
11.331022	-0.005
11.342606	-0.005
11.354642	-0.005
11.366526	-0.005
11.377664	-0.005
11.387495	-0.005
11.395528	-0.005
11.40136	-0.005
11.404699	-0.005
11.405491	-0.005
11.407494	-0.005
11.412106	-0.005
11.419082	-0.005
11.42807	-0.005
11.438621	-0.005
11.450205	-0.005
11.462241	-0.005
11.474125	-0.005
11.485263	-0.005
11.495094	-0.005
11.503127	-0.005
11.508959	-0.005
11.512298	-0.005
11.51309	-0.005
11.515093	-0.005
11.519705	-0.005
11.526681	-0.005
11.535669	-0.005
11.54622	-0.005
11.557804	-0.005
11.56984	-0.005
11.581724	-0.005
11.592862	-0.005
11.602693	-0.005
11.610726	-0.005
11.616558	-0.005
11.619897	-0.005
11.620689	-0.005
11.622692	-0.005
11.627304	-0.005
11.63428	-0.005
11.643268	-0.005
11.653819	-0.005
11.665403	-0.005
11.677439	-0.005
11.689323	-0.005
11.700461	-0.005
11.710292	-0.005
11.718325	-0.005
11.724157	-0.005
11.727496	-0.005
11.728288	-0.005
11.730291	-0.005
11.734903	-0.005
11.741879	-0.005
11.750867	-0.005
11.761418	-0.005
11.773002	-0.005
11.785038	-0.005
11.796922	-0.005
11.80806	-0.005
11.817891	-0.005
11.825924	-0.005
11.831756	-0.005
11.835095	-0.005
11.835887	-0.005
11.83789	-0.005
11.842502	-0.005
11.849478	-0.005
11.858466	-0.005
11.869017	-0.005
11.880601	-0.005
11.892637	-0.005
11.904521	-0.005
11.915659	-0.005
11.92549	-0.005
11.933523	-0.005
11.939355	-0.005
11.942694	-0.005
11.943486	-0.005
11.945489	-0.005
11.950101	-0.005
11.957077	-0.005
11.966065	-0.005
11.976616	-0.005
11.9882	-0.005
12.000236	-0.005
12.01212	-0.005
12.023258	-0.005
12.033089	-0.005
12.041122	-0.005
12.046954	-0.005
12.050293	-0.005
12.051085	-0.005
12.053088	-0.005
12.0577	-0.005
12.064676	-0.005
12.073664	-0.005
12.084215	-0.005
12.095799	-0.005
12.107835	-0.005
12.119719	-0.005
12.130857	-0.005
12.140688	-0.005
12.148721	-0.005
12.154553	-0.005
12.157892	-0.005
12.158684	-0.005
12.160687	-0.005
12.165299	-0.005
12.172275	-0.005
12.181263	-0.005
12.191814	-0.005
12.203398	-0.005
12.215434	-0.005
12.227318	-0.005
12.238456	-0.005
12.248287	-0.005
12.25632	-0.005
12.262152	-0.005
12.265491	-0.005
12.266283	-0.005
12.268286	-0.005
12.272898	-0.005
12.279873	-0.005
12.288862	-0.005
12.299413	-0.005
12.310997	-0.005
12.323033	-0.005
12.334917	-0.005
12.346055	-0.005
12.355886	-0.005
12.363919	-0.005
12.369751	-0.005
12.37309	-0.005
12.373882	-0.005
12.375885	-0.005
12.380497	-0.005
12.387472	-0.005
12.396461	-0.005
12.407012	-0.005
12.418596	-0.005
12.430632	-0.005
12.442516	-0.005
12.453654	-0.005
12.463485	-0.005
12.471518	-0.005
12.47735	-0.005
12.480689	-0.005
12.481481	-0.005
12.483484	-0.005
12.488096	-0.005
12.495071	-0.005
12.50406	-0.005
12.514611	-0.005
12.526195	-0.005
12.538231	-0.005
12.550115	-0.005
12.561252	-0.005
12.571084	-0.005
12.579117	-0.005
12.584949	-0.005
12.588288	-0.005
12.58908	-0.005
12.591083	-0.005
12.595695	-0.005
12.60267	-0.005
12.611659	-0.005
12.62221	-0.005
12.633794	-0.005
12.645829	-0.005
12.657714	-0.005
12.668851	-0.005
12.678683	-0.005
12.686716	-0.005
12.692547	-0.005
12.695887	-0.005
12.696679	-0.005
12.698682	-0.005
12.703294	-0.005
12.710269	-0.005
12.719258	-0.005
12.729809	-0.005
12.741392	-0.005
12.753428	-0.005
12.765313	-0.005
12.77645	-0.005
12.786282	-0.005
12.794315	-0.005
12.800146	-0.005
12.803486	-0.005
12.804278	-0.005
12.806281	-0.005
12.810893	-0.005
12.817868	-0.005
12.826857	-0.005
12.837408	-0.005
12.848991	-0.005
12.861027	-0.005
12.872912	-0.005
12.884049	-0.005
12.893881	-0.005
12.901914	-0.005
12.907745	-0.005
12.911085	-0.005
12.911877	-0.005
12.913879	-0.005
12.918492	-0.005
12.925467	-0.005
12.934456	-0.005
12.945007	-0.005
12.95659	-0.005
12.968626	-0.005
12.980511	-0.005
12.991648	-0.005
13.00148	-0.005
13.009513	-0.005
13.015344	-0.005
13.018684	-0.005
13.019476	-0.005
13.021478	-0.005
13.026091	-0.005
13.033066	-0.005
13.042055	-0.005
13.052606	-0.005
13.064189	-0.005
13.076225	-0.005
13.08811	-0.005
13.099247	-0.005
13.109079	-0.005
13.117112	-0.005
13.122943	-0.005
13.126283	-0.005
13.127075	-0.005
13.129077	-0.005
13.13369	-0.005
13.140665	-0.005
13.149654	-0.005
13.160205	-0.005
13.171788	-0.005
13.183824	-0.005
13.195709	-0.005
13.206846	-0.005
13.216678	-0.005
13.224711	-0.005
13.230542	-0.005
13.233882	-0.005
13.234674	-0.005
13.236676	-0.005
13.241289	-0.005
13.248264	-0.005
13.257253	-0.005
13.267804	-0.005
13.279387	-0.005
13.291423	-0.005
13.303308	-0.005
13.314445	-0.005
13.324277	-0.005
13.33231	-0.005
13.338141	-0.005
13.341481	-0.005
13.342273	-0.005
13.344275	-0.005
13.348888	-0.005
13.355863	-0.005
13.364852	-0.005
13.375403	-0.005
13.386986	-0.005
13.399022	-0.005
13.410907	-0.005
13.422044	-0.005
13.431876	-0.005
13.439909	-0.005
13.44574	-0.005
13.449079	-0.005
13.449872	-0.005
13.451874	-0.005
13.456487	-0.005
13.463462	-0.005
13.472451	-0.005
13.483002	-0.005
13.494585	-0.005
13.506621	-0.005
13.518506	-0.005
13.529643	-0.005
13.539475	-0.005
13.547508	-0.005
13.553339	-0.005
13.556678	-0.005
13.557471	-0.005
13.559473	-0.005
13.564086	-0.005
13.571061	-0.005
13.58005	-0.005
13.590601	-0.005
13.602184	-0.005
13.61422	-0.005
13.626105	-0.005
13.637242	-0.005
13.647074	-0.005
13.655107	-0.005
13.660938	-0.005
13.664277	-0.005
13.66507	-0.005
13.667072	-0.005
13.671685	-0.005
13.67866	-0.005
13.687649	-0.005
13.698199	-0.005
13.709783	-0.005
13.721819	-0.005
13.733704	-0.005
13.744841	-0.005
13.754673	-0.005
13.762706	-0.005
13.768537	-0.005
13.771876	-0.005
13.772669	-0.005
13.774671	-0.005
13.779284	-0.005
13.786259	-0.005
13.795248	-0.005
13.805798	-0.005
13.817382	-0.005
13.829418	-0.005
13.841303	-0.005
13.85244	-0.005
13.862272	-0.005
13.870305	-0.005
13.876136	-0.005
13.879475	-0.005
13.880268	-0.005
13.88227	-0.005
13.886883	-0.005
13.893858	-0.005
13.902847	-0.005
13.913397	-0.005
13.924981	-0.005
13.937017	-0.005
13.948902	-0.005
13.960039	-0.005
13.969871	-0.005
13.977904	-0.005
13.983735	-0.005
13.987074	-0.005
13.987867	-0.005
13.989869	-0.005
13.994481	-0.005
14.001457	-0.005
14.010446	-0.005
14.020996	-0.005
14.03258	-0.005
14.044616	-0.005
14.056501	-0.005
14.067638	-0.005
14.07747	-0.005
14.085503	-0.005
14.091334	-0.005
14.094673	-0.005
14.095466	-0.005
14.097468	-0.005
14.10208	-0.005
14.109056	-0.005
14.118045	-0.005
14.128595	-0.005
14.140179	-0.005
14.152215	-0.005
14.1641	-0.005
14.175237	-0.005
14.185069	-0.005
14.193102	-0.005
14.198933	-0.005
14.202272	-0.005
14.203065	-0.005
14.205067	-0.005
14.209679	-0.005
14.216655	-0.005
14.225644	-0.005
14.236194	-0.005
14.247778	-0.005
14.259814	-0.005
14.271699	-0.005
14.282836	-0.005
14.292668	-0.005
14.300701	-0.005
14.306532	-0.005
14.309871	-0.005
14.310664	-0.005
14.312666	-0.005
14.317278	-0.005
14.324254	-0.005
14.333243	-0.005
14.343793	-0.005
14.355377	-0.005
14.367413	-0.005
14.379298	-0.005
14.390435	-0.005
14.400267	-0.005
14.4083	-0.005
14.414131	-0.005
14.41747	-0.005
14.418263	-0.005
14.420265	-0.005
14.424877	-0.005
14.431853	-0.005
14.440842	-0.005
14.451392	-0.005
14.462976	-0.005
14.475012	-0.005
14.486897	-0.005
14.498034	-0.005
14.507866	-0.005
14.515899	-0.005
14.52173	-0.005
14.525069	-0.005
14.525862	-0.005
14.527864	-0.005
14.532476	-0.005
14.539452	-0.005
14.548441	-0.005
14.558991	-0.005
14.570575	-0.005
14.582611	-0.005
14.594496	-0.005
14.605633	-0.005
14.615465	-0.005
14.623497	-0.005
14.629329	-0.005
14.632668	-0.005
14.633461	-0.005
14.635463	-0.005
14.640075	-0.005
14.647051	-0.005
14.65604	-0.005
14.66659	-0.005
14.678174	-0.005
14.69021	-0.005
14.702095	-0.005
14.713232	-0.005
14.723064	-0.005
14.731096	-0.005
14.736928	-0.005
14.740267	-0.005
14.74106	-0.005
14.743062	-0.005
14.747674	-0.005
14.75465	-0.005
14.763639	-0.005
14.774189	-0.005
14.785773	-0.005
14.797809	-0.005
14.809694	-0.005
14.820831	-0.005
14.830663	-0.005
14.838695	-0.005
14.844527	-0.005
14.847866	-0.005
14.848659	-0.005
14.850661	-0.005
14.855273	-0.005
14.862249	-0.005
14.871237	-0.005
14.881788	-0.005
14.893372	-0.005
14.905408	-0.005
14.917293	-0.005
14.92843	-0.005
14.938262	-0.005
14.946294	-0.005
14.952126	-0.005
14.955465	-0.005
14.956258	-0.005
14.95826	-0.005
14.962872	-0.005
14.969848	-0.005
14.978836	-0.005
14.989387	-0.005
15.000971	-0.005
15.013007	-0.005
15.024892	-0.005
15.036029	-0.005
15.045861	-0.005
15.053893	-0.005
15.059725	-0.005
15.063064	-0.005
15.063857	-0.005
15.065859	-0.005
15.070471	-0.005
15.077447	-0.005
15.086435	-0.005
15.096986	-0.005
15.10857	-0.005
15.120606	-0.005
15.132491	-0.005
15.143628	-0.005
15.153459	-0.005
15.161492	-0.005
15.167324	-0.005
15.170663	-0.005
15.171456	-0.005
15.173458	-0.005
15.17807	-0.005
15.185046	-0.005
15.194034	-0.005
15.204585	-0.005
15.216169	-0.005
15.228205	-0.005
15.24009	-0.005
15.251227	-0.005
15.261058	-0.005
15.269091	-0.005
15.274923	-0.005
15.278262	-0.005
15.279054	-0.005
15.281057	-0.005
15.285669	-0.005
15.292645	-0.005
15.301633	-0.005
15.312184	-0.005
15.323768	-0.005
15.335804	-0.005
15.347688	-0.005
15.358826	-0.005
15.368657	-0.005
15.37669	-0.005
15.382522	-0.005
15.385861	-0.005
15.386653	-0.005
15.388656	-0.005
15.393268	-0.005
15.400244	-0.005
15.409232	-0.005
15.419783	-0.005
15.431367	-0.005
15.443403	-0.005
15.455287	-0.005
15.466425	-0.005
15.476256	-0.005
15.484289	-0.005
15.490121	-0.005
15.49346	-0.005
15.494252	-0.005
15.496255	-0.005
15.500867	-0.005
15.507843	-0.005
15.516831	-0.005
15.527382	-0.005
15.538966	-0.005
15.551002	-0.005
15.562886	-0.005
15.574024	-0.005
15.583855	-0.005
15.591888	-0.005
15.59772	-0.005
15.601059	-0.005
15.601851	-0.005
15.603854	-0.005
15.608466	-0.005
15.615442	-0.005
15.62443	-0.005
15.634981	-0.005
15.646565	-0.005
15.658601	-0.005
15.670485	-0.005
15.681623	-0.005
15.691454	-0.005
15.699487	-0.005
15.705319	-0.005
15.708658	-0.005
15.70945	-0.005
15.711453	-0.005
15.716065	-0.005
15.723041	-0.005
15.732029	-0.005
15.74258	-0.005
15.754164	-0.005
15.7662	-0.005
15.778084	-0.005
15.789222	-0.005
15.799053	-0.005
15.807086	-0.005
15.812918	-0.005
15.816257	-0.005
15.817049	-0.005
15.819052	-0.005
15.823664	-0.005
15.83064	-0.005
15.839628	-0.005
15.850179	-0.005
15.861763	-0.005
15.873799	-0.005
15.885683	-0.005
15.896821	-0.005
15.906652	-0.005
15.914685	-0.005
15.920517	-0.005
15.923856	-0.005
15.924648	-0.005
15.926651	-0.005
15.931263	-0.005
15.938239	-0.005
15.947227	-0.005
15.957778	-0.005
15.969362	-0.005
15.981398	-0.005
15.993282	-0.005
16.00442	-0.005
16.014251	-0.005
16.022284	-0.005
16.028116	-0.005
16.031455	-0.005
16.032247	-0.005
16.03425	-0.005
16.038862	-0.005
16.045838	-0.005
16.054826	-0.005
16.065377	-0.005
16.076961	-0.005
16.088997	-0.005
16.100881	-0.005
16.112019	-0.005
16.12185	-0.005
16.129883	-0.005
16.135715	-0.005
16.139054	-0.005
16.139846	-0.005
16.141849	-0.005
16.146461	-0.005
16.153437	-0.005
16.162425	-0.005
16.172976	-0.005
16.18456	-0.005
16.196596	-0.005
16.20848	-0.005
16.219618	-0.005
16.229449	-0.005
16.237482	-0.005
16.243314	-0.005
16.246653	-0.005
16.247445	-0.005
16.249448	-0.005
16.25406	-0.005
16.261036	-0.005
16.270024	-0.005
16.280575	-0.005
16.292159	-0.005
16.304195	-0.005
16.316079	-0.005
16.327217	-0.005
16.337048	-0.005
16.345081	-0.005
16.350913	-0.005
16.354252	-0.005
16.355044	-0.005
16.357047	-0.005
16.361659	-0.005
16.368635	-0.005
16.377623	-0.005
16.388174	-0.005
16.399758	-0.005
16.411794	-0.005
16.423678	-0.005
16.434816	-0.005
16.444647	-0.005
16.45268	-0.005
16.458512	-0.005
16.461851	-0.005
16.462643	-0.005
16.464646	-0.005
16.469258	-0.005
16.476234	-0.005
16.485222	-0.005
16.495773	-0.005
16.507357	-0.005
16.519393	-0.005
16.531277	-0.005
16.542415	-0.005
16.552246	-0.005
16.560279	-0.005
16.566111	-0.005
16.56945	-0.005
16.570242	-0.005
16.572245	-0.005
16.576857	-0.005
16.583833	-0.005
16.592821	-0.005
16.603372	-0.005
16.614956	-0.005
16.626992	-0.005
16.638876	-0.005
16.650014	-0.005
16.659845	-0.005
16.667878	-0.005
16.67371	-0.005
16.677049	-0.005
16.677841	-0.005
16.679844	-0.005
16.684456	-0.005
16.691431	-0.005
16.70042	-0.005
16.710971	-0.005
16.722555	-0.005
16.734591	-0.005
16.746475	-0.005
16.757613	-0.005
16.767444	-0.005
16.775477	-0.005
16.781309	-0.005
16.784648	-0.005
16.78544	-0.005
16.787443	-0.005
16.792055	-0.005
16.79903	-0.005
16.808019	-0.005
16.81857	-0.005
16.830154	-0.005
16.84219	-0.005
16.854074	-0.005
16.865211	-0.005
16.875043	-0.005
16.883076	-0.005
16.888908	-0.005
16.892247	-0.005
16.893039	-0.005
16.895042	-0.005
16.899654	-0.005
16.906629	-0.005
16.915618	-0.005
16.926169	-0.005
16.937753	-0.005
16.949788	-0.005
16.961673	-0.005
16.97281	-0.005
16.982642	-0.005
16.990675	-0.005
16.996506	-0.005
16.999846	-0.005
17.000638	-0.005
17.002641	-0.005
17.007253	-0.005
17.014228	-0.005
17.023217	-0.005
17.033768	-0.005
17.045351	-0.005
17.057387	-0.005
17.069272	-0.005
17.080409	-0.005
17.090241	-0.005
17.098274	-0.005
17.104105	-0.005
17.107445	-0.005
17.108237	-0.005
17.11024	-0.005
17.114852	-0.005
17.121827	-0.005
17.130816	-0.005
17.141367	-0.005
17.15295	-0.005
17.164986	-0.005
17.176871	-0.005
17.188008	-0.005
17.19784	-0.005
17.205873	-0.005
17.211704	-0.005
17.215044	-0.005
17.215836	-0.005
17.218555	-0.005
17.224771	-0.005
17.234039	-0.005
17.245727	-0.005
17.259037	-0.005
17.273064	0.00060340251
17.28685	0.005
17.299458	0.005
17.310026	0.005
17.317836	0.005
17.322357	0.005
17.323435	0.005
17.326154	0.005
17.33237	0.005
17.341638	0.005
17.353326	0.005
17.366636	0.005
17.380663	0.005
17.394449	0.005
17.407057	0.005
17.417625	0.005
17.425435	0.005
17.429956	0.005
17.431034	0.005
17.433036	0.005
17.437649	0.005
17.444624	0.005
17.453613	0.005
17.464164	0.005
17.475747	0.005
17.487783	0.005
17.499668	0.005
17.510805	0.005
17.520637	0.005
17.52867	0.005
17.534501	0.005
17.537841	0.005
17.538633	0.005
17.540635	0.005
17.545248	0.005
17.552223	0.005
17.561212	0.005
17.571763	0.005
17.583346	0.005
17.595382	0.005
17.607267	0.005
17.618404	0.005
17.628236	0.005
17.636269	0.005
17.6421	0.005
17.64544	0.005
17.646232	0.005
17.648234	0.005
17.652847	0.005
17.659822	0.005
17.668811	0.005
17.679362	0.005
17.690945	0.005
17.702981	0.005
17.714866	0.005
17.726003	0.005
17.735835	0.005
17.743868	0.005
17.749699	0.005
17.753038	0.005
17.753831	0.005
17.755833	0.005
17.760446	0.005
17.767421	0.005
17.77641	0.005
17.786961	0.005
17.798544	0.005
17.81058	0.005
17.822465	0.005
17.833602	0.005
17.843434	0.005
17.851467	0.005
17.857298	0.005
17.860637	0.005
17.86143	0.005
17.863432	0.005
17.868045	0.005
17.87502	0.005
17.884009	0.005
17.89456	0.005
17.906143	0.005
17.918179	0.005
17.930064	0.005
17.941201	0.005
17.951033	0.005
17.959066	0.005
17.964897	0.005
17.968236	0.005
17.969029	0.005
17.971031	0.005
17.975644	0.005
17.982619	0.005
17.991608	0.005
18.002158	0.005
18.013742	0.005
18.025778	0.005
18.037663	0.005
18.0488	0.005
18.058632	0.005
18.066665	0.005
18.072496	0.005
18.075835	0.005
18.076628	0.005
18.07863	0.005
18.083243	0.005
18.090218	0.005
18.099207	0.005
18.109757	0.005
18.121341	0.005
18.133377	0.005
18.145262	0.005
18.156399	0.005
18.166231	0.005
18.174264	0.005
18.180095	0.005
18.183434	0.005
18.184227	0.005
18.186229	0.005
18.190842	0.005
18.197817	0.005
18.206806	0.005
18.217356	0.005
18.22894	0.005
18.240976	0.005
18.252861	0.005
18.263998	0.005
18.27383	0.005
18.281863	0.005
18.287694	0.005
18.291033	0.005
18.291826	0.005
18.293828	0.005
18.298441	0.005
18.305416	0.005
18.314405	0.005
18.324955	0.005
18.336539	0.005
18.348575	0.005
18.36046	0.005
18.371597	0.005
18.381429	0.005
18.389462	0.005
18.395293	0.005
18.398632	0.005
18.399425	0.005
18.401427	0.005
18.406039	0.005
18.413015	0.005
18.422004	0.005
18.432554	0.005
18.444138	0.005
18.456174	0.005
18.468059	0.005
18.479196	0.005
18.489028	0.005
18.497061	0.005
18.502892	0.005
18.506231	0.005
18.507024	0.005
18.509026	0.005
18.513638	0.005
18.520614	0.005
18.529603	0.005
18.540153	0.005
18.551737	0.005
18.563773	0.005
18.575658	0.005
18.586795	0.005
18.596627	0.005
18.60466	0.005
18.610491	0.005
18.61383	0.005
18.614623	0.005
18.616625	0.005
18.621237	0.005
18.628213	0.005
18.637202	0.005
18.647752	0.005
18.659336	0.005
18.671372	0.005
18.683257	0.005
18.694394	0.005
18.704226	0.005
18.712259	0.005
18.71809	0.005
18.721429	0.005
18.722222	0.005
18.724224	0.005
18.728836	0.005
18.735812	0.005
18.744801	0.005
18.755351	0.005
18.766935	0.005
18.778971	0.005
18.790856	0.005
18.801993	0.005
18.811825	0.005
18.819858	0.005
18.825689	0.005
18.829028	0.005
18.829821	0.005
18.831823	0.005
18.836435	0.005
18.843411	0.005
18.8524	0.005
18.86295	0.005
18.874534	0.005
18.88657	0.005
18.898455	0.005
18.909592	0.005
18.919424	0.005
18.927456	0.005
18.933288	0.005
18.936627	0.005
18.93742	0.005
18.939422	0.005
18.944034	0.005
18.95101	0.005
18.959999	0.005
18.970549	0.005
18.982133	0.005
18.994169	0.005
19.006054	0.005
19.017191	0.005
19.027023	0.005
19.035055	0.005
19.040887	0.005
19.044226	0.005
19.045019	0.005
19.047021	0.005
19.051633	0.005
19.058609	0.005
19.067598	0.005
19.078148	0.005
19.089732	0.005
19.101768	0.005
19.113653	0.005
19.12479	0.005
19.134622	0.005
19.142654	0.005
19.148486	0.005
19.151825	0.005
19.152618	0.005
19.15462	0.005
19.159232	0.005
19.166208	0.005
19.175196	0.005
19.185747	0.005
19.197331	0.005
19.209367	0.005
19.221252	0.005
19.232389	0.005
19.242221	0.005
19.250253	0.005
19.256085	0.005
19.259424	0.005
19.260217	0.005
19.262219	0.005
19.266831	0.005
19.273807	0.005
19.282795	0.005
19.293346	0.005
19.30493	0.005
19.316966	0.005
19.328851	0.005
19.339988	0.005
19.34982	0.005
19.357852	0.005
19.363684	0.005
19.367023	0.005
19.367816	0.005
19.369818	0.005
19.37443	0.005
19.381406	0.005
19.390394	0.005
19.400945	0.005
19.412529	0.005
19.424565	0.005
19.43645	0.005
19.447587	0.005
19.457418	0.005
19.465451	0.005
19.471283	0.005
19.474622	0.005
19.475415	0.005
19.477417	0.005
19.482029	0.005
19.489005	0.005
19.497993	0.005
19.508544	0.005
19.520128	0.005
19.532164	0.005
19.544049	0.005
19.555186	0.005
19.565017	0.005
19.57305	0.005
19.578882	0.005
19.582221	0.005
19.583014	0.005
19.585016	0.005
19.589628	0.005
19.596604	0.005
19.605592	0.005
19.616143	0.005
19.627727	0.005
19.639763	0.005
19.651648	0.005
19.662785	0.005
19.672616	0.005
19.680649	0.005
19.686481	0.005
19.68982	0.005
19.690612	0.005
19.692615	0.005
19.697227	0.005
19.704203	0.005
19.713191	0.005
19.723742	0.005
19.735326	0.005
19.747362	0.005
19.759246	0.005
19.770384	0.005
19.780215	0.005
19.788248	0.005
19.79408	0.005
19.797419	0.005
19.798211	0.005
19.800214	0.005
19.804826	0.005
19.811802	0.005
19.82079	0.005
19.831341	0.005
19.842925	0.005
19.854961	0.005
19.866845	0.005
19.877983	0.005
19.887814	0.005
19.895847	0.005
19.901679	0.005
19.905018	0.005
19.90581	0.005
19.907813	0.005
19.912425	0.005
19.919401	0.005
19.928389	0.005
19.93894	0.005
19.950524	0.005
19.96256	0.005
19.974444	0.005
19.985582	0.005
19.995413	0.005
20.003446	0.005
20.009278	0.005
20.012617	0.005
20.013409	0.005
20.019463	0.005
20.032803	0.005
20.051351	0.005
20.072283	0.005
20.09241	0.005
20.108669	0.005
20.11859	0.005
20.121008	0.0049999678
20.122522	0.005
20.125857	0.005
20.130494	0.005
20.135727	0.0049999923
20.140758	0.002985752
20.144823	-0.0049999922
20.147303	-0.0049999852
20.147908	-0.004999934
20.149422	-0.0049999977
20.152757	-0.005
20.157394	-0.005
20.162626	-0.005
20.167658	-0.005
20.171723	-0.005
20.174203	-0.005
20.174808	-0.0049999993
20.177835	-0.005
20.184505	-0.005
20.193779	-0.005
20.204244	-0.005
20.214308	-0.005
20.222438	-0.005
20.227398	-0.005
20.228607	-0.005
20.23061	-0.005
20.235222	-0.005
20.242198	-0.005
20.251186	-0.005
20.261737	-0.005
20.273321	-0.005
20.285357	-0.005
20.297241	-0.005
20.308379	-0.005
20.31821	-0.005
20.326243	-0.005
20.332075	-0.005
20.335414	-0.005
20.336206	-0.005
20.338209	-0.005
20.342821	-0.005
20.349797	-0.005
20.358785	-0.005
20.369336	-0.005
20.38092	-0.005
20.392956	-0.005
20.40484	-0.005
20.415978	-0.005
20.425809	-0.005
20.433842	-0.005
20.439674	-0.005
20.443013	-0.005
20.443805	-0.005
20.445808	-0.005
20.45042	-0.005
20.457396	-0.005
20.466384	-0.005
20.476935	-0.005
20.488519	-0.005
20.500555	-0.005
20.512439	-0.005
20.523577	-0.005
20.533408	-0.005
20.541441	-0.005
20.547273	-0.005
20.550612	-0.005
20.551404	-0.005
20.553407	-0.005
20.558019	-0.005
20.564995	-0.005
20.573983	-0.005
20.584534	-0.005
20.596118	-0.005
20.608154	-0.005
20.620038	-0.005
20.631176	-0.005
20.641007	-0.005
20.64904	-0.005
20.654872	-0.005
20.658211	-0.005
20.659003	-0.005
20.661006	-0.005
20.665618	-0.005
20.672594	-0.005
20.681582	-0.005
20.692133	-0.005
20.703717	-0.005
20.715753	-0.005
20.727637	-0.005
20.738775	-0.005
20.748606	-0.005
20.756639	-0.005
20.762471	-0.005
20.76581	-0.005
20.766602	-0.005
20.768605	-0.005
20.773217	-0.005
20.780193	-0.005
20.789181	-0.005
20.799732	-0.005
20.811316	-0.005
20.823352	-0.005
20.835236	-0.005
20.846374	-0.005
20.856205	-0.005
20.864238	-0.005
20.87007	-0.005
20.873409	-0.005
20.874201	-0.005
20.876204	-0.005
20.880816	-0.005
20.887792	-0.005
20.89678	-0.005
20.907331	-0.005
20.918915	-0.005
20.930951	-0.005
20.942835	-0.005
20.953973	-0.005
20.963804	-0.005
20.971837	-0.005
20.977669	-0.005
20.981008	-0.005
20.9818	-0.005
20.983803	-0.005
20.988415	-0.005
20.99539	-0.005
21.004379	-0.005
21.01493	-0.005
21.026514	-0.005
21.03855	-0.005
21.050434	-0.005
21.061572	-0.005
21.071403	-0.005
21.079436	-0.005
21.085268	-0.005
21.088607	-0.005
21.089399	-0.0049999814
21.0906	-0.005
21.093283	-0.005
21.097115	-0.005
21.101634	-0.005
21.106294	-0.005
21.110534	-0.005
21.113842	-0.004999994
21.115821	-0.004999959
21.116299	-0.0049998175
21.1175	-0.0049999615
21.120182	0.0032261577
21.124014	0.0049999919
21.128533	0.005
21.133194	0.005
21.137434	0.005
21.140742	0.005
21.14272	0.0049999998
21.143199	0.0049999916
21.1456	0.005
21.150965	0.005
21.15863	0.005
21.167667	0.005
21.176988	0.005
21.185468	0.005
21.192085	0.005
21.196042	0.005
21.196998	0.005
21.201801	0.005
21.212532	0.005
21.22786	0.005
21.245936	0.005
21.264578	0.005
21.281538	0.005
21.294771	0.005
21.302684	0.005
21.304597	0.005
21.3066	0.005
21.311212	0.005
21.318187	0.005
21.327176	0.005
21.337727	0.005
21.349311	0.005
21.361346	0.005
21.373231	0.005
21.384368	0.005
21.3942	0.005
21.402233	0.005
21.408064	0.005
21.411404	0.005
21.412196	0.005
21.414199	0.005
21.418811	0.005
21.425786	0.005
21.434775	0.005
21.445326	0.005
21.456909	0.005
21.468945	0.005
21.48083	0.005
21.491967	0.005
21.501799	0.005
21.509832	0.005
21.515663	0.005
21.519003	0.005
21.519795	0.005
21.521798	0.005
21.52641	0.005
21.533385	0.005
21.542374	0.005
21.552925	0.005
21.564508	0.005
21.576544	0.005
21.588429	0.005
21.599566	0.005
21.609398	0.005
21.617431	0.005
21.623262	0.005
21.626602	0.005
21.627394	0.005
21.629396	0.005
21.634009	0.005
21.640984	0.005
21.649973	0.005
21.660524	0.005
21.672107	0.005
21.684143	0.005
21.696028	0.005
21.707165	0.005
21.716997	0.005
21.72503	0.005
21.730861	0.005
21.734201	0.005
21.734993	0.005
21.736995	0.005
21.741608	0.005
21.748583	0.005
21.757572	0.005
21.768123	0.005
21.779706	0.005
21.791742	0.005
21.803627	0.005
21.814764	0.005
21.824596	0.005
21.832629	0.005
21.83846	0.005
21.8418	0.005
21.842592	0.005
21.844594	0.005
21.849207	0.005
21.856182	0.005
21.865171	0.005
21.875722	0.005
21.887305	0.005
21.899341	0.005
21.911226	0.005
21.922363	0.005
21.932195	0.005
21.940228	0.005
21.946059	0.005
21.949399	0.005
21.950191	0.005
21.952193	0.005
21.956806	0.005
21.963781	0.005
21.97277	0.005
21.983321	0.005
21.994904	0.005
22.00694	0.005
22.018825	0.005
22.029962	0.005
22.039794	0.005
22.047827	0.005
22.053658	0.005
22.056998	0.005
22.05779	0.005
22.059792	0.005
22.064405	0.005
22.07138	0.005
22.080369	0.005
22.09092	0.005
22.102503	0.005
22.114539	0.005
22.126424	0.005
22.137561	0.005
22.147393	0.005
22.155426	0.005
22.161257	0.005
22.164596	0.005
22.165389	0.005
22.167391	0.005
22.172004	0.005
22.178979	0.005
22.187968	0.005
22.198519	0.005
22.210102	0.005
22.222138	0.005
22.234023	0.005
22.24516	0.005
22.254992	0.005
22.263025	0.005
22.268856	0.005
22.272195	0.005
22.272988	0.005
22.27499	0.005
22.279603	0.005
22.286578	0.005
22.295567	0.005
22.306117	0.005
22.317701	0.005
22.329737	0.005
22.341622	0.005
22.352759	0.005
22.362591	0.005
22.370624	0.005
22.376455	0.005
22.379794	0.005
22.380587	0.005
22.383257	0.005
22.389406	0.005
22.398707	0.005
22.410692	0.005
22.42476	0.005
22.440205	0.005
22.456253	0.005
22.472099	0.005
22.486949	0.005
22.500057	0.005
22.510768	0.005
22.518543	0.005
22.522996	0.005
22.524052	0.005
22.526722	0.005
22.532872	0.005
22.542173	0.005
22.554157	0.005
22.568225	0.005
22.58367	0.005
22.599718	0.005
22.615564	0.005
22.630414	0.005
22.643523	0.005
22.654233	0.005
22.662009	0.005
22.666461	0.005
22.667517	0.005
22.670187	0.005
22.676337	0.005
22.685638	0.005
22.697623	0.005
22.71169	0.005
22.727135	0.005
22.743183	0.005
22.759029	0.005
22.773879	0.005
22.786988	0.005
22.797699	0.005
22.805474	0.005
22.809926	0.005
22.810983	0.005
22.813653	0.005
22.819802	0.005
22.829103	0.005
22.841088	0.005
22.855156	0.005
22.870601	0.005
22.886649	0.005
22.902495	0.005
22.917345	0.005
22.930453	0.005
22.941164	0.005
22.948939	0.005
22.953391	0.005
22.954448	0.005
22.957118	0.005
22.963268	0.005
22.972568	0.005
22.984553	0.005
22.998621	0.005
23.014066	0.005
23.030114	0.005
23.04596	0.005
23.06081	0.005
23.073919	0.005
23.084629	0.005
23.092405	0.005
23.096857	0.005
23.097913	0.005
23.100583	0.005
23.106733	0.005
23.116034	0.005
23.128019	0.005
23.142086	0.005
23.157531	0.005
23.173579	0.005
23.189425	0.005
23.204275	0.005
23.217384	0.005
23.228094	0.005
23.23587	0.005
23.240322	0.005
23.241379	0.005
23.243381	0.005
23.247993	0.005
23.254969	0.005
23.263958	0.005
23.274508	0.005
23.286092	0.005
23.298128	0.005
23.310013	0.005
23.32115	0.005
23.330982	0.005
23.339014	0.005
23.344846	0.005
23.348185	0.005
23.348978	0.005
23.35098	0.005
23.355592	0.005
23.362568	0.005
23.371557	0.005
23.382107	0.005
23.393691	0.005
23.405727	0.005
23.417612	0.005
23.428749	0.005
23.438581	0.005
23.446613	0.005
23.452445	0.005
23.455784	0.005
23.456577	0.005
23.458579	0.005
23.463191	0.005
23.470167	0.005
23.479155	0.005
23.489706	0.005
23.50129	0.005
23.513326	0.005
23.525211	0.005
23.536348	0.005
23.54618	0.005
23.554212	0.005
23.560044	0.005
23.563383	0.005
23.564176	0.005
23.566178	0.005
23.57079	0.005
23.577766	0.005
23.586754	0.005
23.597305	0.005
23.608889	0.005
23.620925	0.005
23.63281	0.005
23.643947	0.005
23.653779	0.005
23.661811	0.005
23.667643	0.005
23.670982	0.005
23.671775	0.005
23.673777	0.005
23.678389	0.005
23.685365	0.005
23.694353	0.005
23.704904	0.005
23.716488	0.005
23.728524	0.005
23.740409	0.005
23.751546	0.005
23.761377	0.005
23.76941	0.005
23.775242	0.005
23.778581	0.005
23.779374	0.005
23.781376	0.005
23.785988	0.005
23.792964	0.005
23.801952	0.005
23.812503	0.005
23.824087	0.005
23.836123	0.005
23.848008	0.005
23.859145	0.005
23.868976	0.005
23.877009	0.005
23.882841	0.005
23.88618	0.005
23.886973	0.005
23.888975	0.005
23.893587	0.005
23.900563	0.005
23.909551	0.005
23.920102	0.005
23.931686	0.005
23.943722	0.005
23.955607	0.005
23.966744	0.005
23.976575	0.005
23.984608	0.005
23.99044	0.005
23.993779	0.005
23.994571	0.005
23.996574	0.005
24.001186	0.005
24.008162	0.005
24.01715	0.005
24.027701	0.005
24.039285	0.005
24.051321	0.005
24.063205	0.005
24.074343	0.005
24.084174	0.005
24.092207	0.005
24.098039	0.005
24.101378	0.005
24.10217	0.005
24.104173	0.005
24.108785	0.005
24.115761	0.005
24.124749	0.005
24.1353	0.005
24.146884	0.005
24.15892	0.005
24.170804	0.005
24.181942	0.005
24.191773	0.005
24.199806	0.005
24.205638	0.005
24.208977	0.005
24.209769	0.005
24.211772	0.005
24.216384	0.005
24.22336	0.005
24.232348	0.005
24.242899	0.005
24.254483	0.005
24.266519	0.005
24.278403	0.005
24.289541	0.005
24.299372	0.005
24.307405	0.005
24.313237	0.005
24.316576	0.005
24.317368	0.005
24.319371	0.005
24.323983	0.005
24.330959	0.005
24.339947	0.005
24.350498	0.005
24.362082	0.005
24.374118	0.005
24.386002	0.005
24.39714	0.005
24.406971	0.005
24.415004	0.005
24.420836	0.005
24.424175	0.005
24.424967	0.005
24.42697	0.005
24.431582	0.005
24.438558	0.005
24.447546	0.005
24.458097	0.005
24.469681	0.005
24.481717	0.005
24.493601	0.005
24.504739	0.005
24.51457	0.005
24.522603	0.005
24.528435	0.005
24.531774	0.005
24.532566	0.005
24.534569	0.005
24.539181	0.005
24.546157	0.005
24.555145	0.005
24.565696	0.005
24.57728	0.005
24.589316	0.005
24.6012	0.005
24.612338	0.005
24.622169	0.005
24.630202	0.005
24.636034	0.005
24.639373	0.005
24.640165	0.005
24.642168	0.005
24.64678	0.005
24.653756	0.005
24.662744	0.005
24.673295	0.005
24.684879	0.005
24.696915	0.005
24.708799	0.005
24.719937	0.005
24.729768	0.005
24.737801	0.005
24.743633	0.005
24.746972	0.005
24.747764	0.005
24.749767	0.005
24.754379	0.005
24.761355	0.005
24.770343	0.005
24.780894	0.005
24.792478	0.005
24.804514	0.005
24.816398	0.005
24.827536	0.005
24.837367	0.005
24.8454	0.005
24.851232	0.005
24.854571	0.005
24.855363	0.005
24.857366	0.005
24.861978	0.005
24.868954	0.005
24.877942	0.005
24.888493	0.005
24.900077	0.005
24.912113	0.005
24.923997	0.005
24.935135	0.005
24.944966	0.005
24.952999	0.005
24.958831	0.005
24.96217	0.005
24.962962	0.005
24.964965	0.005
24.969577	0.005
24.976553	0.005
24.985541	0.005
24.996092	0.005
25.007676	0.005
25.019712	0.005
25.031596	0.005
25.042734	0.005
25.052565	0.005
25.060598	0.005
25.06643	0.005
25.069769	0.005
25.070561	0.005
25.072564	0.005
25.077176	0.005
25.084152	0.005
25.09314	0.005
25.103691	0.005
25.115275	0.005
25.127311	0.005
25.139195	0.005
25.150333	0.005
25.160164	0.005
25.168197	0.005
25.174029	0.005
25.177368	0.005
25.17816	0.005
25.180163	0.005
25.184775	0.005
25.191751	0.005
25.200739	0.005
25.21129	0.005
25.222874	0.005
25.23491	0.005
25.246794	0.005
25.257932	0.005
25.267763	0.005
25.275796	0.005
25.281628	0.005
25.284967	0.005
25.285759	0.005
25.287762	0.005
25.292374	0.005
25.299349	0.005
25.308338	0.005
25.318889	0.005
25.330473	0.005
25.342509	0.005
25.354393	0.005
25.365531	0.005
25.375362	0.005
25.383395	0.005
25.389227	0.005
25.392566	0.005
25.393358	0.005
25.395361	0.005
25.399973	0.005
25.406948	0.005
25.415937	0.005
25.426488	0.005
25.438072	0.005
25.450108	0.005
25.461992	0.005
25.47313	0.005
25.482961	0.005
25.490994	0.005
25.496826	0.005
25.500165	0.005
25.500957	0.005
25.50296	0.005
25.507572	0.005
25.514547	0.005
25.523536	0.005
25.534087	0.005
25.545671	0.005
25.557707	0.005
25.569591	0.005
25.580728	0.005
25.59056	0.005
25.598593	0.005
25.604425	0.005
25.607764	0.005
25.608556	0.005
25.610559	0.005
25.615171	0.005
25.622146	0.005
25.631135	0.005
25.641686	0.005
25.65327	0.005
25.665305	0.005
25.67719	0.005
25.688327	0.005
25.698159	0.005
25.706192	0.005
25.712023	0.005
25.715363	0.005
25.716155	0.005
25.718158	0.005
25.72277	0.005
25.729745	0.005
25.738734	0.005
25.749285	0.005
25.760868	0.005
25.772904	0.005
25.784789	0.005
25.795926	0.005
25.805758	0.005
25.813791	0.005
25.819622	0.005
25.822962	0.005
25.823754	0.005
25.825757	0.005
25.830369	0.005
25.837344	0.005
25.846333	0.005
25.856884	0.005
25.868467	0.005
25.880503	0.005
25.892388	0.005
25.903525	0.005
25.913357	0.005
25.92139	0.005
25.927221	0.005
25.930561	0.005
25.931353	0.005
25.933355	0.005
25.937968	0.005
25.944943	0.005
25.953932	0.005
25.964483	0.005
25.976066	0.005
25.988102	0.005
25.999987	0.005
26.011124	0.005
26.020956	0.005
26.028989	0.005
26.03482	0.005
26.03816	0.005
26.038952	0.005
26.040954	0.005
26.045567	0.005
26.052542	0.005
26.061531	0.005
26.072082	0.005
26.083665	0.005
26.095701	0.005
26.107586	0.005
26.118723	0.005
26.128555	0.005
26.136588	0.005
26.142419	0.005
26.145759	0.005
26.146551	0.005
26.148553	0.005
26.153166	0.005
26.160141	0.005
26.16913	0.005
26.179681	0.005
26.191264	0.005
26.2033	0.005
26.215185	0.005
26.226322	0.005
26.236154	0.005
26.244187	0.005
26.250018	0.005
26.253358	0.005
26.25415	0.005
26.256152	0.005
26.260765	0.005
26.26774	0.005
26.276729	0.005
26.28728	0.005
26.298863	0.005
26.310899	0.005
26.322784	0.005
26.333921	0.005
26.343753	0.005
26.351786	0.005
26.357617	0.005
26.360957	0.005
26.361749	0.005
26.363751	0.005
26.368364	0.005
26.375339	0.005
26.384328	0.005
26.394879	0.005
26.406462	0.005
26.418498	0.005
26.430383	0.005
26.44152	0.005
26.451352	0.005
26.459385	0.005
26.465216	0.005
26.468555	0.005
26.469348	0.005
26.47135	0.005
26.475963	0.005
26.482938	0.005
26.491927	0.005
26.502478	0.005
26.514061	0.005
26.526097	0.005
26.537982	0.005
26.549119	0.005
26.558951	0.005
26.566984	0.005
26.572815	0.005
26.576154	0.005
26.576947	0.005
26.578949	0.005
26.583562	0.005
26.590537	0.005
26.599526	0.005
26.610077	0.005
26.62166	0.005
26.633696	0.005
26.645581	0.005
26.656718	0.005
26.66655	0.005
26.674583	0.005
26.680414	0.005
26.683753	0.005
26.684546	0.005
26.686548	0.005
26.691161	0.005
26.698136	0.005
26.707125	0.005
26.717675	0.005
26.729259	0.005
26.741295	0.005
26.75318	0.005
26.764317	0.005
26.774149	0.005
26.782182	0.005
26.788013	0.005
26.791352	0.005
26.792145	0.005
26.794147	0.005
26.79876	0.005
26.805735	0.005
26.814724	0.005
26.825274	0.005
26.836858	0.005
26.848894	0.005
26.860779	0.005
26.871916	0.005
26.881748	0.005
26.889781	0.005
26.895612	0.005
26.898951	0.005
26.899744	0.005
26.901746	0.005
26.906359	0.005
26.913334	0.005
26.922323	0.005
26.932873	0.005
26.944457	0.005
26.956493	0.005
26.968378	0.005
26.979515	0.005
26.989347	0.005
26.99738	0.005
27.003211	0.005
27.00655	0.005
27.007343	0.005
27.009345	0.005
27.013957	0.005
27.020933	0.005
27.029922	0.005
27.040472	0.005
27.052056	0.005
27.064092	0.005
27.075977	0.005
27.087114	0.005
27.096946	0.005
27.104979	0.005
27.11081	0.005
27.114149	0.005
27.114942	0.005
27.116944	0.005
27.121556	0.005
27.128532	0.005
27.137521	0.005
27.148071	0.005
27.159655	0.005
27.171691	0.005
27.183576	0.005
27.194713	0.005
27.204545	0.005
27.212578	0.005
27.218409	0.005
27.221748	0.005
27.222541	0.005
27.224543	0.005
27.229155	0.005
27.236131	0.005
27.24512	0.005
27.25567	0.005
27.267254	0.005
27.27929	0.005
27.291175	0.005
27.302312	0.005
27.312144	0.005
27.320177	0.005
27.326008	0.005
27.329347	0.005
27.33014	0.005
27.332142	0.005
27.336754	0.005
27.34373	0.005
27.352719	0.005
27.363269	0.005
27.374853	0.005
27.386889	0.005
27.398774	0.005
27.409911	0.005
27.419743	0.005
27.427776	0.005
27.433607	0.005
27.436946	0.005
27.437739	0.005
27.439741	0.005
27.444353	0.005
27.451329	0.005
27.460318	0.005
27.470868	0.005
27.482452	0.005
27.494488	0.005
27.506373	0.005
27.51751	0.005
27.527342	0.005
27.535375	0.005
27.541206	0.005
27.544545	0.005
27.545338	0.005
27.54734	0.005
27.551952	0.005
27.558928	0.005
27.567917	0.005
27.578467	0.005
27.590051	0.005
27.602087	0.005
27.613972	0.005
27.625109	0.005
27.634941	0.005
27.642973	0.005
27.648805	0.005
27.652144	0.005
27.652937	0.005
27.654939	0.005
27.659551	0.005
27.666527	0.005
27.675516	0.005
27.686066	0.005
27.69765	0.005
27.709686	0.005
27.721571	0.005
27.732708	0.005
27.74254	0.005
27.750572	0.005
27.756404	0.005
27.759743	0.005
27.760536	0.005
27.762538	0.005
27.76715	0.005
27.774126	0.005
27.783115	0.005
27.793665	0.005
27.805249	0.005
27.817285	0.005
27.82917	0.005
27.840307	0.005
27.850139	0.005
27.858171	0.005
27.864003	0.005
27.867342	0.005
27.868135	0.005
27.870137	0.005
27.874749	0.005
27.881725	0.005
27.890713	0.005
27.901264	0.005
27.912848	0.005
27.924884	0.005
27.936769	0.005
27.947906	0.005
27.957738	0.005
27.96577	0.005
27.971602	0.005
27.974941	0.005
27.975734	0.005
27.977736	0.005
27.982348	0.005
27.989324	0.005
27.998312	0.005
28.008863	0.005
28.020447	0.005
28.032483	0.005
28.044368	0.005
28.055505	0.005
28.065337	0.005
28.073369	0.005
28.079201	0.005
28.08254	0.005
28.083333	0.005
28.085335	0.005
28.089947	0.005
28.096923	0.005
28.105911	0.005
28.116462	0.005
28.128046	0.005
28.140082	0.005
28.151967	0.005
28.163104	0.005
28.172935	0.005
28.180968	0.005
28.1868	0.005
28.190139	0.005
28.190932	0.005
28.192934	0.005
28.197546	0.005
28.204522	0.005
28.21351	0.005
28.224061	0.005
28.235645	0.005
28.247681	0.005
28.259566	0.005
28.270703	0.005
28.280534	0.005
28.288567	0.005
28.294399	0.005
28.297738	0.005
28.29853	0.005
28.300533	0.005
28.305145	0.005
28.312121	0.005
28.321109	0.005
28.33166	0.005
28.343244	0.005
28.35528	0.005
28.367165	0.005
28.378302	0.005
28.388133	0.005
28.396166	0.005
28.401998	0.005
28.405337	0.005
28.406129	0.005
28.408132	0.005
28.412744	0.005
28.41972	0.005
28.428708	0.005
28.439259	0.005
28.450843	0.005
28.462879	0.005
28.474763	0.005
28.485901	0.005
28.495732	0.005
28.503765	0.005
28.509597	0.005
28.512936	0.005
28.513728	0.005
28.515731	0.005
28.520343	0.005
28.527319	0.005
28.536307	0.005
28.546858	0.005
28.558442	0.005
28.570478	0.005
28.582362	0.005
28.5935	0.005
28.603331	0.005
28.611364	0.005
28.617196	0.005
28.620535	0.005
28.621327	0.005
28.62333	0.005
28.627942	0.005
28.634918	0.005
28.643906	0.005
28.654457	0.005
28.666041	0.005
28.678077	0.005
28.689961	0.005
28.701099	0.005
28.71093	0.005
28.718963	0.005
28.724795	0.005
28.728134	0.005
28.728926	0.005
28.730929	0.005
28.735541	0.005
28.742517	0.005
28.751505	0.005
28.762056	0.005
28.77364	0.005
28.785676	0.005
28.79756	0.005
28.808698	0.005
28.818529	0.005
28.826562	0.005
28.832394	0.005
28.835733	0.005
28.836525	0.005
28.838528	0.005
28.84314	0.005
28.850116	0.005
28.859104	0.005
28.869655	0.005
28.881239	0.005
28.893275	0.005
28.905159	0.005
28.916297	0.005
28.926128	0.005
28.934161	0.005
28.939993	0.005
28.943332	0.005
28.944124	0.005
28.946127	0.005
28.950739	0.005
28.957715	0.005
28.966703	0.005
28.977254	0.005
28.988838	0.005
29.000874	0.005
29.012758	0.005
29.023896	0.005
29.033727	0.005
29.04176	0.005
29.047592	0.005
29.050931	0.005
29.051723	0.005
29.053726	0.005
29.058338	0.005
29.065314	0.005
29.074302	0.005
29.084853	0.005
29.096437	0.005
29.108473	0.005
29.120357	0.005
29.131495	0.005
29.141326	0.005
29.149359	0.005
29.155191	0.005
29.15853	0.005
29.159322	0.005
29.161325	0.005
29.165937	0.005
29.172913	0.005
29.181901	0.005
29.192452	0.005
29.204036	0.005
29.216072	0.005
29.227956	0.005
29.239094	0.005
29.248925	0.005
29.256958	0.005
29.26279	0.005
29.266129	0.005
29.266921	0.005
29.268924	0.005
29.273536	0.005
29.280512	0.005
29.2895	0.005
29.300051	0.005
29.311635	0.005
29.323671	0.005
29.335555	0.005
29.346693	0.005
29.356524	0.005
29.364557	0.005
29.370389	0.005
29.373728	0.005
29.37452	0.005
29.376523	0.005
29.381135	0.005
29.388111	0.005
29.397099	0.005
29.40765	0.005
29.419234	0.005
29.43127	0.005
29.443154	0.005
29.454292	0.005
29.464123	0.005
29.472156	0.005
29.477988	0.005
29.481327	0.005
29.482119	0.005
29.484122	0.005
29.488734	0.005
29.49571	0.005
29.504698	0.005
29.515249	0.005
29.526833	0.005
29.538869	0.005
29.550753	0.005
29.561891	0.005
29.571722	0.005
29.579755	0.005
29.585587	0.005
29.588926	0.005
29.589718	0.005
29.591721	0.005
29.596333	0.005
29.603309	0.005
29.612297	0.005
29.622848	0.005
29.634432	0.005
29.646468	0.005
29.658352	0.005
29.66949	0.005
29.679321	0.005
29.687354	0.005
29.693186	0.005
29.696525	0.005
29.697317	0.005
29.69932	0.005
29.703932	0.005
29.710907	0.005
29.719896	0.005
29.730447	0.005
29.742031	0.005
29.754067	0.005
29.765951	0.005
29.777089	0.005
29.78692	0.005
29.794953	0.005
29.800785	0.005
29.804124	0.005
29.804916	0.005
29.806919	0.005
29.811531	0.005
29.818506	0.005
29.827495	0.005
29.838046	0.005
29.84963	0.005
29.861666	0.005
29.87355	0.005
29.884687	0.005
29.894519	0.005
29.902552	0.005
29.908384	0.005
29.911723	0.005
29.912515	0.005
29.914518	0.005
29.91913	0.005
29.926105	0.005
29.935094	0.005
29.945645	0.005
29.957229	0.005
29.969265	0.005
29.981149	0.005
29.992286	0.005
30.002118	0.005
30.010151	0.005
30.015983	0.005
30.019322	0.005
30.020114	0.005
30.022117	0.005
30.026729	0.005
30.033704	0.005
30.042693	0.005
30.053244	0.005
30.064828	0.005
30.076863	0.005
30.088748	0.005
30.099885	0.005
30.109717	0.005
30.11775	0.005
30.123581	0.005
30.126921	0.005
30.127713	0.005
30.129716	0.005
30.134328	0.005
30.141303	0.005
30.150292	0.005
30.160843	0.005
30.172426	0.005
30.184462	0.005
30.196347	0.005
30.207484	0.005
30.217316	0.005
30.225349	0.005
30.23118	0.005
30.23452	0.005
30.235312	0.005
30.237315	0.005
30.241927	0.005
30.248902	0.005
30.257891	0.005
30.268442	0.005
30.280025	0.005
30.292061	0.005
30.303946	0.005
30.315083	0.005
30.324915	0.005
30.332948	0.005
30.338779	0.005
30.342119	0.005
30.342911	0.005
30.344913	0.005
30.349526	0.005
30.356501	0.005
30.36549	0.005
30.376041	0.005
30.387624	0.005
30.39966	0.005
30.411545	0.005
30.422682	0.005
30.432514	0.005
30.440547	0.005
30.446378	0.005
30.449718	0.005
30.45051	0.005
30.452512	0.005
30.457125	0.005
30.4641	0.005
30.473089	0.005
30.48364	0.005
30.495223	0.005
30.507259	0.005
30.519144	0.005
30.530281	0.005
30.540113	0.005
30.548146	0.005
30.553977	0.005
30.557317	0.005
30.558109	0.005
30.560111	0.005
30.564724	0.005
30.571699	0.005
30.580688	0.005
30.591239	0.005
30.602822	0.005
30.614858	0.005
30.626743	0.005
30.63788	0.005
30.647712	0.005
30.655745	0.005
30.661576	0.005
30.664916	0.005
30.665708	0.005
30.66771	0.005
30.672323	0.005
30.679298	0.005
30.688287	0.005
30.698838	0.005
30.710421	0.005
30.722457	0.005
30.734342	0.005
30.745479	0.005
30.755311	0.005
30.763344	0.005
30.769175	0.005
30.772515	0.005
30.773307	0.005
30.775309	0.005
30.779922	0.005
30.786897	0.005
30.795886	0.005
30.806437	0.005
30.81802	0.005
30.830056	0.005
30.841941	0.005
30.853078	0.005
30.86291	0.005
30.870943	0.005
30.876774	0.005
30.880113	0.005
30.880906	0.005
30.882908	0.005
30.887521	0.005
30.894496	0.005
30.903485	0.005
30.914036	0.005
30.925619	0.005
30.937655	0.005
30.94954	0.005
30.960677	0.005
30.970509	0.005
30.978542	0.005
30.984373	0.005
30.987712	0.005
30.988505	0.005
30.991175	0.005
30.997324	0.005
31.006625	0.005
31.01861	0.005
31.032678	0.005
31.048123	0.005
31.064171	0.005
31.080017	0.005
31.094867	0.005
31.107975	0.005
31.118686	0.005
31.126461	0.005
31.130914	0.005
31.13197	0.005
31.13464	0.005
31.14079	0.005
31.150091	0.005
31.162075	0.005
31.176143	0.005
31.191588	0.005
31.207636	0.005
31.223482	0.005
31.238332	0.005
31.251441	0.005
31.262151	0.005
31.269927	0.005
31.274379	0.005
31.275435	0.005
31.278105	0.005
31.284255	0.005
31.293556	0.005
31.305541	0.005
31.319608	0.005
31.335053	0.005
31.351101	0.005
31.366947	0.005
31.381797	0.005
31.394906	0.005
31.405617	0.005
31.413392	0.005
31.417844	0.005
31.418901	0.005
31.421571	0.005
31.42772	0.005
31.437021	0.005
31.449006	0.005
31.463074	0.005
31.478519	0.005
31.494567	0.005
31.510413	0.005
31.525263	0.005
31.538371	0.005
31.549082	0.005
31.556857	0.005
31.56131	0.005
31.562366	0.005
31.565036	0.005
31.571186	0.005
31.580486	0.005
31.592471	0.005
31.606539	0.005
31.621984	0.005
31.638032	0.005
31.653878	0.005
31.668728	0.005
31.681837	0.005
31.692547	0.005
31.700323	0.005
31.704775	0.005
31.705831	0.005
31.708501	0.005
31.714651	0.005
31.723952	0.005
31.735937	0.005
31.750004	0.005
31.765449	0.005
31.781497	0.005
31.797343	0.005
31.812193	0.005
31.825302	0.005
31.836012	0.005
31.843788	0.005
31.84824	0.005
31.849297	0.005
31.851299	0.005
31.855911	0.005
31.862887	0.005
31.871876	0.005
31.882426	0.005
31.89401	0.005
31.906046	0.005
31.917931	0.005
31.929068	0.005
31.9389	0.005
31.946933	0.005
31.952764	0.005
31.956103	0.005
31.956896	0.005
31.958898	0.005
31.96351	0.005
31.970486	0.005
31.979475	0.005
31.990025	0.005
32.001609	0.005
32.013645	0.005
32.02553	0.005
32.036667	0.005
32.046499	0.005
32.054531	0.005
32.060363	0.005
32.063702	0.005
32.064495	0.005
32.066497	0.005
32.071109	0.005
32.078085	0.005
32.087074	0.005
32.097624	0.005
32.109208	0.005
32.121244	0.005
32.133129	0.005
32.144266	0.005
32.154098	0.005
32.16213	0.005
32.167962	0.005
32.171301	0.005
32.172094	0.005
32.174096	0.005
32.178708	0.005
32.185684	0.005
32.194672	0.005
32.205223	0.005
32.216807	0.005
32.228843	0.005
32.240728	0.005
32.251865	0.005
32.261697	0.005
32.269729	0.005
32.275561	0.005
32.2789	0.005
32.279693	0.005
32.281695	0.005
32.286307	0.005
32.293283	0.005
32.302271	0.005
32.312822	0.005
32.324406	0.005
32.336442	0.005
32.348327	0.005
32.359464	0.005
32.369296	0.005
32.377328	0.005
32.38316	0.005
32.386499	0.005
32.387292	0.005
32.389294	0.005
32.393906	0.005
32.400882	0.005
32.40987	0.005
32.420421	0.005
32.432005	0.005
32.444041	0.005
32.455926	0.005
32.467063	0.005
32.476894	0.005
32.484927	0.005
32.490759	0.005
32.494098	0.005
32.494891	0.005
32.496893	0.005
32.501505	0.005
32.508481	0.005
32.517469	0.005
32.52802	0.005
32.539604	0.005
32.55164	0.005
32.563525	0.005
32.574662	0.005
32.584493	0.005
32.592526	0.005
32.598358	0.005
32.601697	0.005
32.60249	0.005
32.604492	0.005
32.609104	0.005
32.61608	0.005
32.625068	0.005
32.635619	0.005
32.647203	0.005
32.659239	0.005
32.671124	0.005
32.682261	0.005
32.692092	0.005
32.700125	0.005
32.705957	0.005
32.709296	0.005
32.710088	0.005
32.712091	0.005
32.716703	0.005
32.723679	0.005
32.732667	0.005
32.743218	0.005
32.754802	0.005
32.766838	0.005
32.778722	0.005
32.78986	0.005
32.799691	0.005
32.807724	0.005
32.813556	0.005
32.816895	0.005
32.817687	0.005
32.81969	0.005
32.824302	0.005
32.831278	0.005
32.840266	0.005
32.850817	0.005
32.862401	0.005
32.874437	0.005
32.886321	0.005
32.897459	0.005
32.90729	0.005
32.915323	0.005
32.921155	0.005
32.924494	0.005
32.925286	0.005
32.927289	0.005
32.931901	0.005
32.938877	0.005
32.947865	0.005
32.958416	0.005
32.97	0.005
32.982036	0.005
32.99392	0.005
33.005058	0.005
33.014889	0.005
33.022922	0.005
33.028754	0.005
33.032093	0.005
33.032885	0.005
33.034888	0.005
33.0395	0.005
33.046476	0.005
33.055464	0.005
33.066015	0.005
33.077599	0.005
33.089635	0.005
33.101519	0.005
33.112657	0.005
33.122488	0.005
33.130521	0.005
33.136353	0.005
33.139692	0.005
33.140484	0.005
33.142487	0.005
33.147099	0.005
33.154075	0.005
33.163063	0.005
33.173614	0.005
33.185198	0.005
33.197234	0.005
33.209118	0.005
33.220256	0.005
33.230087	0.005
33.23812	0.005
33.243952	0.005
33.247291	0.005
33.248083	0.005
33.250086	0.005
33.254698	0.005
33.261674	0.005
33.270662	0.005
33.281213	0.005
33.292797	0.005
33.304833	0.005
33.316717	0.005
33.327855	0.005
33.337686	0.005
33.345719	0.005
33.351551	0.005
33.35489	0.005
33.355682	0.005
33.357685	0.005
33.362297	0.005
33.369273	0.005
33.378261	0.005
33.388812	0.005
33.400396	0.005
33.412432	0.005
33.424316	0.005
33.435454	0.005
33.445285	0.005
33.453318	0.005
33.45915	0.005
33.462489	0.005
33.463281	0.005
33.465284	0.005
33.469896	0.005
33.476872	0.005
33.48586	0.005
33.496411	0.005
33.507995	0.005
33.520031	0.005
33.531915	0.005
33.543053	0.005
33.552884	0.005
33.560917	0.005
33.566749	0.005
33.570088	0.005
33.57088	0.005
33.572883	0.005
33.577495	0.005
33.584471	0.005
33.593459	0.005
33.60401	0.005
33.615594	0.005
33.62763	0.005
33.639514	0.005
33.650652	0.005
33.660483	0.005
33.668516	0.005
33.674348	0.005
33.677687	0.005
33.678479	0.005
33.680482	0.005
33.685094	0.005
33.69207	0.005
33.701058	0.005
33.711609	0.005
33.723193	0.005
33.735229	0.005
33.747113	0.005
33.758251	0.005
33.768082	0.005
33.776115	0.005
33.781947	0.005
33.785286	0.005
33.786078	0.005
33.788081	0.005
33.792693	0.005
33.799669	0.005
33.808657	0.005
33.819208	0.005
33.830792	0.005
33.842828	0.005
33.854712	0.005
33.86585	0.005
33.875681	0.005
33.883714	0.005
33.889546	0.005
33.892885	0.005
33.893677	0.005
33.89568	0.005
33.900292	0.005
33.907268	0.005
33.916256	0.005
33.926807	0.005
33.938391	0.005
33.950427	0.005
33.962311	0.005
33.973449	0.005
33.98328	0.005
33.991313	0.005
33.997145	0.005
34.000484	0.005
34.001276	0.005
34.003279	0.005
34.007891	0.005
34.014866	0.005
34.023855	0.005
34.034406	0.005
34.04599	0.005
34.058026	0.005
34.06991	0.005
34.081048	0.005
34.090879	0.005
34.098912	0.005
34.104744	0.005
34.108083	0.005
34.108875	0.005
34.110878	0.005
34.11549	0.005
34.122465	0.005
34.131454	0.005
34.142005	0.005
34.153589	0.005
34.165625	0.005
34.177509	0.005
34.188647	0.005
34.198478	0.005
34.206511	0.005
34.212343	0.005
34.215682	0.005
34.216474	0.005
34.218477	0.005
34.223089	0.005
34.230064	0.005
34.239053	0.005
34.249604	0.005
34.261188	0.005
34.273224	0.005
34.285108	0.005
34.296245	0.005
34.306077	0.005
34.31411	0.005
34.319942	0.005
34.323281	0.005
34.324073	0.005
34.326076	0.005
34.330688	0.005
34.337663	0.005
34.346652	0.005
34.357203	0.005
34.368787	0.005
34.380822	0.005
34.392707	0.005
34.403844	0.005
34.413676	0.005
34.421709	0.005
34.42754	0.005
34.43088	0.005
34.431672	0.005
