0	-0.005
0.00183866	-0.005
0.00607365	-0.005
0.0124787	-0.005
0.020732	-0.005
0.0304197	-0.005
0.041056	-0.005
0.0521075	-0.005
0.06302	-0.005
0.0732463	-0.005
0.0822737	-0.005
0.0896496	-0.005
0.0950041	-0.005
0.0980702	-0.005
0.0987978	-0.005
0.100636	-0.005
0.104871	-0.005
0.111276	-0.005
0.11953	-0.005
0.129218	-0.005
0.139854	-0.005
0.150905	-0.005
0.161818	-0.005
0.172044	-0.005
0.181072	-0.005
0.188447	-0.005
0.193802	-0.005
0.196868	-0.005
0.197596	-0.005
0.199434	-0.005
0.203669	-0.005
0.210074	-0.005
0.218328	-0.005
0.228015	-0.005
0.238652	-0.005
0.249703	-0.005
0.260616	-0.005
0.270842	-0.005
0.279869	-0.005
0.287245	-0.005
0.2926	-0.005
0.295666	-0.005
0.296393	-0.005
0.298232	-0.005
0.302467	-0.005
0.308872	-0.005
0.317125	-0.005
0.326813	-0.005
0.337449	-0.005
0.348501	-0.005
0.359413	-0.005
0.36964	-0.005
0.378667	-0.005
0.386043	-0.005
0.391397	-0.005
0.394463	-0.005
0.395191	-0.005
0.39703	-0.005
0.401265	-0.005
0.40767	-0.005
0.415923	-0.005
0.425611	-0.005
0.436247	-0.005
0.447299	-0.005
0.458211	-0.005
0.468437	-0.005
0.477465	-0.005
0.484841	-0.005
0.490195	-0.005
0.493261	-0.005
0.493989	-0.005
0.495828	-0.005
0.500063	-0.005
0.506468	-0.005
0.514721	-0.005
0.524409	-0.005
0.535045	-0.005
0.546096	-0.005
0.557009	-0.005
0.567235	-0.005
0.576263	-0.005
0.583638	-0.005
0.588993	-0.005
0.592059	-0.005
0.592787	-0.005
0.594625	-0.005
0.59886	-0.005
0.605265	-0.005
0.613519	-0.005
0.623206	-0.005
0.633843	-0.005
0.644894	-0.005
0.655807	-0.005
0.666033	-0.005
0.67506	-0.005
0.682436	-0.005
0.687791	-0.005
0.690857	-0.005
0.691584	-0.005
0.693423	-0.005
0.697658	-0.005
0.704063	-0.005
0.712316	-0.005
0.722004	-0.005
0.73264	-0.005
0.743692	-0.005
0.754604	-0.005
0.764831	-0.005
0.773858	-0.005
0.781234	-0.005
0.786589	-0.005
0.789655	-0.005
0.790382	-0.005
0.792221	-0.005
0.796456	-0.005
0.802861	-0.005
0.811114	-0.005
0.820802	-0.005
0.831438	-0.005
0.84249	-0.005
0.853402	-0.005
0.863629	-0.005
0.872656	-0.005
0.880032	-0.005
0.885386	-0.005
0.888452	-0.005
0.88918	-0.005
0.891019	-0.005
0.895254	-0.005
0.901659	-0.005
0.909912	-0.005
0.9196	-0.005
0.930236	-0.005
0.941287	-0.005
0.9522	-0.005
0.962426	-0.005
0.971454	-0.005
0.97883	-0.005
0.984184	-0.005
0.98725	-0.005
0.987978	-0.005
0.989816	-0.005
0.994051	-0.005
1.00046	-0.005
1.00871	-0.005
1.0184	-0.005
1.02903	-0.005
1.04009	-0.005
1.051	-0.005
1.06122	-0.005
1.07025	-0.005
1.07763	-0.005
1.08298	-0.005
1.08605	-0.005
1.08678	-0.005
1.08861	-0.005
1.09285	-0.005
1.09925	-0.005
1.10751	-0.005
1.1172	-0.005
1.12783	-0.005
1.13888	-0.005
1.1498	-0.005
1.16002	-0.005
1.16905	-0.005
1.17643	-0.005
1.18178	-0.005
1.18485	-0.005
1.18557	-0.005
1.18741	-0.005
1.19165	-0.005
1.19805	-0.005
1.20631	-0.005
1.21599	-0.005
1.22663	-0.005
1.23768	-0.005
1.24859	-0.005
1.25882	-0.005
1.26785	-0.005
1.27522	-0.005
1.28058	-0.005
1.28364	-0.005
1.28437	-0.005
1.28621	-0.005
1.29044	-0.005
1.29685	-0.005
1.3051	-0.005
1.31479	-0.005
1.32543	-0.005
1.33648	-0.005
1.34739	-0.005
1.35762	-0.005
1.36664	-0.005
1.37402	-0.005
1.37938	-0.005
1.38244	-0.005
1.38317	-0.005
1.38501	-0.005
1.38924	-0.005
1.39565	-0.005
1.4039	-0.005
1.41359	-0.005
1.42422	-0.005
1.43528	-0.005
1.44619	-0.005
1.45642	-0.005
1.46544	-0.005
1.47282	-0.005
1.47817	-0.005
1.48124	-0.005
1.48197	-0.005
1.48381	-0.005
1.48804	-0.005
1.49445	-0.005
1.5027	-0.005
1.51239	-0.005
1.52302	-0.005
1.53407	-0.005
1.54499	-0.005
1.55521	-0.005
1.56424	-0.005
1.57162	-0.005
1.57697	-0.005
1.58004	-0.005
1.58076	-0.005
1.5826	-0.005
1.58684	-0.005
1.59324	-0.005
1.6015	-0.005
1.61118	-0.005
1.62182	-0.005
1.63287	-0.005
1.64378	-0.005
1.65401	-0.005
1.66304	-0.005
1.67041	-0.005
1.67577	-0.005
1.67883	-0.005
1.67956	-0.005
1.6814	-0.005
1.68564	-0.005
1.69204	-0.005
1.70029	-0.005
1.70998	-0.005
1.72062	-0.005
1.73167	-0.005
1.74258	-0.005
1.75281	-0.005
1.76184	-0.005
1.76921	-0.005
1.77457	-0.005
1.77763	-0.005
1.77836	-0.005
1.7802	-0.005
1.78443	-0.005
1.79084	-0.005
1.79909	-0.005
1.80878	-0.005
1.81942	-0.005
1.83047	-0.005
1.84138	-0.005
1.85161	-0.005
1.86063	-0.005
1.86801	-0.005
1.87336	-0.005
1.87643	-0.005
1.87716	-0.005
1.879	-0.005
1.88323	-0.005
1.88964	-0.005
1.89789	-0.005
1.90758	-0.005
1.91821	-0.005
1.92927	-0.005
1.94018	-0.005
1.9504	-0.005
1.95943	-0.005
1.96681	-0.005
1.97216	-0.005
1.97523	-0.005
1.97596	-0.005
1.97779	-0.005
1.98203	-0.005
1.98843	-0.005
1.99669	-0.005
2.00638	-0.005
2.01701	-0.005
2.02806	-0.005
2.03898	-0.005
2.0492	-0.005
2.05823	-0.005
2.06561	-0.005
2.07096	-0.005
2.07403	-0.005
2.07475	-0.005
2.07659	-0.005
2.08083	-0.005
2.08723	-0.005
2.09549	-0.005
2.10517	-0.005
2.11581	-0.005
2.12686	-0.005
2.13777	-0.005
2.148	-0.005
2.15703	-0.005
2.1644	-0.005
2.16976	-0.005
2.17282	-0.005
2.17355	-0.005
2.17539	-0.005
2.17962	-0.005
2.18603	-0.005
2.19428	-0.005
2.20397	-0.005
2.21461	-0.005
2.22566	-0.005
2.23657	-0.005
2.2468	-0.005
2.25582	-0.005
2.2632	-0.005
2.26856	-0.005
2.27162	-0.005
2.27235	-0.005
2.27419	-0.005
2.27842	-0.005
2.28483	-0.005
2.29308	-0.005
2.30277	-0.005
2.3134	-0.005
2.32446	-0.005
2.33537	-0.005
2.3456	-0.005
2.35462	-0.005
2.362	-0.005
2.36735	-0.005
2.37042	-0.005
2.37115	-0.005
2.37299	-0.005
2.37722	-0.005
2.38363	-0.005
2.39188	-0.005
2.40157	-0.005
2.4122	-0.005
2.42325	-0.005
2.43417	-0.005
2.44439	-0.005
2.45342	-0.005
2.4608	-0.005
2.46615	-0.005
2.46922	-0.005
2.46994	-0.005
2.47178	-0.005
2.47602	-0.005
2.48242	-0.005
2.49068	-0.005
2.50036	-0.005
2.511	-0.005
2.52205	-0.005
2.53296	-0.005
2.54319	-0.005
2.55222	-0.005
2.55959	-0.005
2.56495	-0.005
2.56801	-0.005
2.56874	-0.005
2.57058	-0.005
2.57482	-0.005
2.58122	-0.005
2.58947	-0.005
2.59916	-0.005
2.6098	-0.005
2.62085	-0.005
2.63176	-0.005
2.64199	-0.005
2.65102	-0.005
2.65839	-0.005
2.66375	-0.005
2.66681	-0.005
2.66754	-0.005
2.66938	-0.005
2.67361	-0.005
2.68002	-0.005
2.68827	-0.005
2.69796	-0.005
2.7086	-0.005
2.71965	-0.005
2.73056	-0.005
2.74079	-0.005
2.74981	-0.005
2.75719	-0.005
2.76254	-0.005
2.76561	-0.005
2.76634	-0.005
2.76818	-0.005
2.77241	-0.005
2.77882	-0.005
2.78707	-0.005
2.79676	-0.005
2.80739	-0.005
2.81845	-0.005
2.82936	-0.005
2.83958	-0.005
2.84861	-0.005
2.85599	-0.005
2.86134	-0.005
2.86441	-0.005
2.86514	-0.005
2.86697	-0.005
2.87121	-0.005
2.87761	-0.005
2.88587	-0.005
2.89556	-0.005
2.90619	-0.005
2.91724	-0.005
2.92816	-0.005
2.93838	-0.005
2.94741	-0.005
2.95479	-0.005
2.96014	-0.005
2.96321	-0.005
2.96393	-0.005
2.96577	-0.005
2.97001	-0.005
2.97641	-0.005
2.98467	-0.005
2.99435	-0.005
3.00499	-0.005
3.01604	-0.005
3.02695	-0.005
3.03718	-0.005
3.04621	-0.005
3.05358	-0.005
3.05894	-0.005
3.062	-0.005
3.06273	-0.005
3.06457	-0.005
3.0688	-0.005
3.07521	-0.005
3.08346	-0.005
3.09315	-0.005
3.10379	-0.005
3.11484	-0.005
3.12575	-0.005
3.13598	-0.005
3.145	-0.005
3.15238	-0.005
3.15774	-0.005
3.1608	-0.005
3.16153	-0.005
3.16337	-0.005
3.1676	-0.005
3.17401	-0.005
3.18226	-0.005
3.19195	-0.005
3.20258	-0.005
3.21364	-0.005
3.22455	-0.005
3.23478	-0.005
3.2438	-0.005
3.25118	-0.005
3.25653	-0.005
3.2596	-0.005
3.26033	-0.005
3.26217	-0.005
3.2664	-0.005
3.27281	-0.005
3.28106	-0.005
3.29075	-0.005
3.30138	-0.005
3.31243	-0.005
3.32335	-0.005
3.33357	-0.005
3.3426	-0.005
3.34998	-0.005
3.35533	-0.005
3.3584	-0.005
3.35912	-0.005
3.36096	-0.005
3.3652	-0.005
3.3716	-0.005
3.37986	-0.005
3.38954	-0.005
3.40018	-0.005
3.41123	-0.005
3.42214	-0.005
3.43237	-0.005
3.4414	-0.005
3.44877	-0.005
3.45413	-0.005
3.45719	-0.005
3.45792	-0.005
3.45976	-0.005
3.464	-0.005
3.4704	-0.005
3.47865	-0.005
3.48834	-0.005
3.49898	-0.005
3.51003	-0.005
3.52094	-0.005
3.53117	-0.005
3.5402	-0.005
3.54757	-0.005
3.55293	-0.005
3.55599	-0.005
3.55672	-0.005
3.55856	-0.005
3.56279	-0.005
3.5692	-0.005
3.57745	-0.005
3.58714	-0.005
3.59778	-0.005
3.60883	-0.005
3.61974	-0.005
3.62997	-0.005
3.63899	-0.005
3.64637	-0.005
3.65172	-0.005
3.65479	-0.005
3.65552	-0.005
3.65736	-0.005
3.66159	-0.005
3.668	-0.005
3.67625	-0.005
3.68594	-0.005
3.69657	-0.005
3.70763	-0.005
3.71854	-0.005
3.72876	-0.005
3.73779	-0.005
3.74517	-0.005
3.75052	-0.005
3.75359	-0.005
3.75432	-0.005
3.75615	-0.005
3.76039	-0.005
3.76679	-0.005
3.77505	-0.005
3.78474	-0.005
3.79537	-0.005
3.80642	-0.005
3.81734	-0.005
3.82756	-0.005
3.83659	-0.005
3.84397	-0.005
3.84932	-0.005
3.85239	-0.005
3.85311	-0.005
3.85495	-0.005
3.85919	-0.005
3.86559	-0.005
3.87385	-0.005
3.88353	-0.005
3.89417	-0.005
3.90522	-0.005
3.91613	-0.005
3.92636	-0.005
3.93539	-0.005
3.94276	-0.005
3.94812	-0.005
3.95118	-0.005
3.95191	-0.005
3.95375	-0.005
3.95798	-0.005
3.96439	-0.005
3.97264	-0.005
3.98233	-0.005
3.99297	-0.005
4.00402	-0.005
4.01493	-0.005
4.02516	-0.005
4.03418	-0.005
4.04156	-0.005
4.04692	-0.005
4.04998	-0.005
4.05071	-0.005
4.05255	-0.005
4.05678	-0.005
4.06319	-0.005
4.07144	-0.005
4.08113	-0.005
4.09176	-0.005
4.10282	-0.005
4.11373	-0.005
4.12396	-0.005
4.13298	-0.005
4.14036	-0.005
4.14571	-0.005
4.14878	-0.005
4.14951	-0.005
4.15135	-0.005
4.15558	-0.005
4.16199	-0.005
4.17024	-0.005
4.17993	-0.005
4.19056	-0.005
4.20161	-0.005
4.21253	-0.005
4.22275	-0.005
4.23178	-0.005
4.23916	-0.005
4.24451	-0.005
4.24758	-0.005
4.2483	-0.005
4.25014	-0.005
4.25438	-0.005
4.26078	-0.005
4.26904	-0.005
4.27872	-0.005
4.28936	-0.005
4.30041	-0.005
4.31132	-0.005
4.32155	-0.005
4.33058	-0.005
4.33795	-0.005
4.34331	-0.005
4.34637	-0.005
4.3471	-0.005
4.34894	-0.005
4.35318	-0.005
4.35958	-0.005
4.36783	-0.005
4.37752	-0.005
4.38816	-0.005
4.39921	-0.005
4.41012	-0.005
4.42035	-0.005
4.42938	-0.005
4.43675	-0.005
4.44211	-0.005
4.44517	-0.005
4.4459	-0.005
4.44774	-0.005
4.45197	-0.005
4.45838	-0.005
4.46663	-0.005
4.47632	-0.005
4.48696	-0.005
4.49801	-0.005
4.50892	-0.005
4.51915	-0.005
4.52817	-0.005
4.53555	-0.005
4.5409	-0.005
4.54397	-0.005
4.5447	-0.005
4.54654	-0.005
4.55077	-0.005
4.55718	-0.005
4.56543	-0.005
4.57512	-0.005
4.58575	-0.005
4.59681	-0.005
4.60772	-0.005
4.61794	-0.005
4.62697	-0.005
4.63435	-0.005
4.6397	-0.005
4.64277	-0.005
4.6435	-0.005
4.64533	-0.005
4.64957	-0.005
4.65597	-0.005
4.66423	-0.005
4.67392	-0.005
4.68455	-0.005
4.6956	-0.005
4.70652	-0.005
4.71674	-0.005
4.72577	-0.005
4.73315	-0.005
4.7385	-0.005
4.74157	-0.005
4.74229	-0.005
4.74413	-0.005
4.74837	-0.005
4.75477	-0.005
4.76303	-0.005
4.77271	-0.005
4.78335	-0.005
4.7944	-0.005
4.80531	-0.005
4.81554	-0.005
4.82457	-0.005
4.83194	-0.005
4.8373	-0.005
4.84036	-0.005
4.84109	-0.005
4.84293	-0.005
4.84716	-0.005
4.85357	-0.005
4.86182	-0.005
4.87151	-0.005
4.88215	-0.005
4.8932	-0.005
4.90411	-0.005
4.91434	-0.005
4.92336	-0.005
4.93074	-0.005
4.9361	-0.005
4.93916	-0.005
4.93989	-0.005
4.94173	-0.005
4.94596	-0.005
4.95237	-0.005
4.96062	-0.005
4.97031	-0.005
4.98094	-0.005
4.992	-0.005
5.00291	-0.005
5.01314	-0.005
5.02216	-0.005
5.02954	-0.005
5.03489	-0.005
5.03796	-0.005
5.03869	-0.005
5.04053	-0.005
5.04476	-0.005
5.05117	-0.005
5.05942	-0.005
5.06911	-0.005
5.07974	-0.005
5.09079	-0.005
5.10171	-0.005
5.11193	-0.005
5.12096	-0.005
5.12834	-0.005
5.13369	-0.005
5.13676	-0.005
5.13748	-0.005
5.13932	-0.005
5.14356	-0.005
5.14996	-0.005
5.15822	-0.005
5.1679	-0.005
5.17854	-0.005
5.18959	-0.005
5.2005	-0.005
5.21073	-0.005
5.21976	-0.005
5.22713	-0.005
5.23249	-0.005
5.23555	-0.005
5.23628	-0.005
5.23812	-0.005
5.24236	-0.005
5.24876	-0.005
5.25701	-0.005
5.2667	-0.005
5.27734	-0.005
5.28839	-0.005
5.2993	-0.005
5.30953	-0.005
5.31856	-0.005
5.32593	-0.005
5.33129	-0.005
5.33435	-0.005
5.33508	-0.005
5.33692	-0.005
5.34115	-0.005
5.34756	-0.005
5.35581	-0.005
5.3655	-0.005
5.37614	-0.005
5.38719	-0.005
5.3981	-0.005
5.40833	-0.005
5.41735	-0.005
5.42473	-0.005
5.43008	-0.005
5.43315	-0.005
5.43388	-0.005
5.43572	-0.005
5.43995	-0.005
5.44636	-0.005
5.45461	-0.005
5.4643	-0.005
5.47493	-0.005
5.48599	-0.005
5.4969	-0.005
5.50712	-0.005
5.51615	-0.005
5.52353	-0.005
5.52888	-0.005
5.53195	-0.005
5.53268	-0.005
5.53451	-0.005
5.53875	-0.005
5.54515	-0.005
5.55341	-0.005
5.5631	-0.005
5.57373	-0.005
5.58478	-0.005
5.5957	-0.005
5.60592	-0.005
5.61495	-0.005
5.62233	-0.005
5.62768	-0.005
5.63075	-0.005
5.63147	-0.005
5.63331	-0.005
5.63755	-0.005
5.64395	-0.005
5.65221	-0.005
5.66189	-0.005
5.67253	-0.005
5.68358	-0.005
5.69449	-0.005
5.70472	-0.005
5.71375	-0.005
5.72112	-0.005
5.72648	-0.005
5.72954	-0.005
5.73027	-0.005
5.73211	-0.005
5.73634	-0.005
5.74275	-0.005
5.751	-0.005
5.76069	-0.005
5.77133	-0.005
5.78238	-0.005
5.79329	-0.005
5.80352	-0.005
5.81254	-0.005
5.81992	-0.005
5.82528	-0.005
5.82834	-0.005
5.82907	-0.005
5.83091	-0.005
5.83514	-0.005
5.84155	-0.005
5.8498	-0.005
5.85949	-0.005
5.87012	-0.005
5.88118	-0.005
5.89209	-0.005
5.90232	-0.005
5.91134	-0.005
5.91872	-0.005
5.92407	-0.005
5.92714	-0.005
5.92787	-0.005
5.92971	-0.005
5.93394	-0.005
5.94035	-0.005
5.9486	-0.005
5.95829	-0.005
5.96892	-0.005
5.97997	-0.005
5.99089	-0.005
6.00111	-0.005
6.01014	-0.005
6.01752	-0.005
6.02287	-0.005
6.02594	-0.005
6.02666	-0.005
6.0285	-0.005
6.03274	-0.005
6.03914	-0.005
6.0474	-0.005
6.05708	-0.005
6.06772	-0.005
6.07877	-0.005
6.08968	-0.005
6.09991	-0.005
6.10894	-0.005
6.11631	-0.005
6.12167	-0.005
6.12473	-0.005
6.12546	-0.005
6.1273	-0.005
6.13154	-0.005
6.13794	-0.005
6.14619	-0.005
6.15588	-0.005
6.16652	-0.005
6.17757	-0.005
6.18848	-0.005
6.19871	-0.005
6.20774	-0.005
6.21511	-0.005
6.22047	-0.005
6.22353	-0.005
6.22426	-0.005
6.2261	-0.005
6.23033	-0.005
6.23674	-0.005
6.24499	-0.005
6.25468	-0.005
6.26532	-0.005
6.27637	-0.005
6.28728	-0.005
6.29751	-0.005
6.30653	-0.005
6.31391	-0.005
6.31926	-0.005
6.32233	-0.005
6.32306	-0.005
6.3249	-0.005
6.32913	-0.005
6.33554	-0.005
6.34379	-0.005
6.35348	-0.005
6.36411	-0.005
6.37517	-0.005
6.38608	-0.005
6.3963	-0.005
6.40533	-0.005
6.41271	-0.005
6.41806	-0.005
6.42113	-0.005
6.42186	-0.005
6.42369	-0.005
6.42793	-0.005
6.43433	-0.005
6.44259	-0.005
6.45228	-0.005
6.46291	-0.005
6.47396	-0.005
6.48488	-0.005
6.4951	-0.005
6.50413	-0.005
6.51151	-0.005
6.51686	-0.005
6.51993	-0.005
6.52065	-0.005
6.52249	-0.005
6.52673	-0.005
6.53313	-0.005
6.54139	-0.005
6.55107	-0.005
6.56171	-0.005
6.57276	-0.005
6.58367	-0.005
6.5939	-0.005
6.60293	-0.005
6.6103	-0.005
6.61566	-0.005
6.61872	-0.005
6.61945	-0.005
6.62129	-0.005
6.62552	-0.005
6.63193	-0.005
6.64018	-0.005
6.64987	-0.005
6.66051	-0.005
6.67156	-0.005
6.68247	-0.005
6.6927	-0.005
6.70172	-0.005
6.7091	-0.005
6.71446	-0.005
6.71752	-0.005
6.71825	-0.005
6.72009	-0.005
6.72432	-0.005
6.73073	-0.005
6.73898	-0.005
6.74867	-0.005
6.7593	-0.005
6.77036	-0.005
6.78127	-0.005
6.7915	-0.005
6.80052	-0.005
6.8079	-0.005
6.81325	-0.005
6.81632	-0.005
6.81705	-0.005
6.81889	-0.005
6.82312	-0.005
6.82953	-0.005
6.83778	-0.005
6.84747	-0.005
6.8581	-0.005
6.86915	-0.005
6.88007	-0.005
6.89029	-0.005
6.89932	-0.005
6.9067	-0.005
6.91205	-0.005
6.91512	-0.005
6.91584	-0.005
6.91768	-0.005
6.92192	-0.005
6.92832	-0.005
6.93658	-0.005
6.94626	-0.005
6.9569	-0.005
6.96795	-0.005
6.97886	-0.005
6.98909	-0.005
6.99812	-0.005
7.00549	-0.005
7.01085	-0.005
7.01391	-0.005
7.01464	-0.005
7.01648	-0.005
7.02072	-0.005
7.02712	-0.005
7.03537	-0.005
7.04506	-0.005
7.0557	-0.005
7.06675	-0.005
7.07766	-0.005
7.08789	-0.005
7.09692	-0.005
7.10429	-0.005
7.10965	-0.005
7.11271	-0.005
7.11344	-0.005
7.11528	-0.005
7.11951	-0.005
7.12592	-0.005
7.13417	-0.005
7.14386	-0.005
7.1545	-0.005
7.16555	-0.005
7.17646	-0.005
7.18669	-0.005
7.19571	-0.005
7.20309	-0.005
7.20844	-0.005
7.21151	-0.005
7.21224	-0.005
7.21408	-0.005
7.21831	-0.005
7.22472	-0.005
7.23297	-0.005
7.24266	-0.005
7.25329	-0.005
7.26435	-0.005
7.27526	-0.005
7.28548	-0.005
7.29451	-0.005
7.30189	-0.005
7.30724	-0.005
7.31031	-0.005
7.31104	-0.005
7.31287	-0.005
7.31711	-0.005
7.32351	-0.005
7.33177	-0.005
7.34146	-0.005
7.35209	-0.005
7.36314	-0.005
7.37406	-0.005
7.38428	-0.005
7.39331	-0.005
7.40069	-0.005
7.40604	-0.005
7.40911	-0.005
7.40983	-0.005
7.41167	-0.005
7.41591	-0.005
7.42231	-0.005
7.43057	-0.005
7.44025	-0.005
7.45089	-0.005
7.46194	-0.005
7.47285	-0.005
7.48308	-0.005
7.49211	-0.005
7.49948	-0.005
7.50484	-0.005
7.5079	-0.005
7.50863	-0.005
7.51047	-0.005
7.5147	-0.005
7.52111	-0.005
7.52936	-0.005
7.53905	-0.005
7.54969	-0.005
7.56074	-0.005
7.57165	-0.005
7.58188	-0.005
7.5909	-0.005
7.59828	-0.005
7.60364	-0.005
7.6067	-0.005
7.60743	-0.005
7.60927	-0.005
7.6135	-0.005
7.61991	-0.005
7.62816	-0.005
7.63785	-0.005
7.64848	-0.005
7.65954	-0.005
7.67045	-0.005
7.68068	-0.005
7.6897	-0.005
7.69708	-0.005
7.70243	-0.005
7.7055	-0.005
7.70623	-0.005
7.70807	-0.005
7.7123	-0.005
7.71871	-0.005
7.72696	-0.005
7.73665	-0.005
7.74728	-0.005
7.75833	-0.005
7.76925	-0.005
7.77947	-0.005
7.7885	-0.005
7.79588	-0.005
7.80123	-0.005
7.8043	-0.005
7.80502	-0.005
7.80686	-0.005
7.8111	-0.005
7.8175	-0.005
7.82576	-0.005
7.83544	-0.005
7.84608	-0.005
7.85713	-0.005
7.86804	-0.005
7.87827	-0.005
7.8873	-0.005
7.89467	-0.005
7.90003	-0.005
7.90309	-0.005
7.90382	-0.005
7.90566	-0.005
7.9099	-0.005
7.9163	-0.005
7.92455	-0.005
7.93424	-0.005
7.94488	-0.005
7.95593	-0.005
7.96684	-0.005
7.97707	-0.005
7.9861	-0.005
7.99347	-0.005
7.99883	-0.005
8.00189	-0.005
8.00262	-0.005
8.00446	-0.005
8.00869	-0.005
8.0151	-0.005
8.02335	-0.005
8.03304	-0.005
8.04368	-0.005
8.05473	-0.005
8.06564	-0.005
8.07587	-0.005
8.08489	-0.005
8.09227	-0.005
8.09762	-0.005
8.10069	-0.005
8.10142	-0.005
8.10326	-0.005
8.10749	-0.005
8.1139	-0.005
8.12215	-0.005
8.13184	-0.005
8.14247	-0.005
8.15353	-0.005
8.16444	-0.005
8.17466	-0.005
8.18369	-0.005
8.19107	-0.005
8.19642	-0.005
8.19949	-0.005
8.20022	-0.005
8.20205	-0.005
8.20629	-0.005
8.21269	-0.005
8.22095	-0.005
8.23064	-0.005
8.24127	-0.005
8.25232	-0.005
8.26324	-0.005
8.27346	-0.005
8.28249	-0.005
8.28987	-0.005
8.29522	-0.005
8.29829	-0.005
8.29901	-0.005
8.30085	-0.005
8.30509	-0.005
8.31149	-0.005
8.31975	-0.005
8.32943	-0.005
8.34007	-0.005
8.35112	-0.005
8.36203	-0.005
8.37226	-0.005
8.38129	-0.005
8.38866	-0.005
8.39402	-0.005
8.39708	-0.005
8.39781	-0.005
8.39965	-0.005
8.40388	-0.005
8.41029	-0.005
8.41854	-0.005
8.42823	-0.005
8.43887	-0.005
8.44992	-0.005
8.46083	-0.005
8.47106	-0.005
8.48008	-0.005
8.48746	-0.005
8.49282	-0.005
8.49588	-0.005
8.49661	-0.005
8.49845	-0.005
8.50268	-0.005
8.50909	-0.005
8.51734	-0.005
8.52703	-0.005
8.53766	-0.005
8.54872	-0.005
8.55963	-0.005
8.56986	-0.005
8.57888	-0.005
8.58626	-0.005
8.59161	-0.005
8.59468	-0.005
8.59541	-0.005
8.59725	-0.005
8.60148	-0.005
8.60789	-0.005
8.61614	-0.005
8.62583	-0.005
8.63646	-0.005
8.64751	-0.005
8.65843	-0.005
8.66865	-0.005
8.67768	-0.005
8.68506	-0.005
8.69041	-0.005
8.69348	-0.005
8.6942	-0.005
8.69604	-0.005
8.70028	-0.005
8.70668	-0.005
8.71494	-0.005
8.72462	-0.005
8.73526	-0.005
8.74631	-0.005
8.75722	-0.005
8.76745	-0.005
8.77648	-0.005
8.78385	-0.005
8.78921	-0.005
8.79227	-0.005
8.793	-0.005
8.79484	-0.005
8.79908	-0.005
8.80548	-0.005
8.81373	-0.005
8.82342	-0.005
8.83406	-0.005
8.84511	-0.005
8.85602	-0.005
8.86625	-0.005
8.87528	-0.005
8.88265	-0.005
8.88801	-0.005
8.89107	-0.005
8.8918	-0.005
8.89364	-0.005
8.89787	-0.005
8.90428	-0.005
8.91253	-0.005
8.92222	-0.005
8.93286	-0.005
8.94391	-0.005
8.95482	-0.005
8.96505	-0.005
8.97407	-0.005
8.98145	-0.005
8.9868	-0.005
8.98987	-0.005
8.9906	-0.005
8.99244	-0.005
8.99667	-0.005
9.00308	-0.005
9.01133	-0.005
9.02102	-0.005
9.03165	-0.005
9.04271	-0.005
9.05362	-0.005
9.06384	-0.005
9.07287	-0.005
9.08025	-0.005
9.0856	-0.005
9.08867	-0.005
9.0894	-0.005
9.09123	-0.005
9.09547	-0.005
9.10187	-0.005
9.11013	-0.005
9.11982	-0.005
9.13045	-0.005
9.1415	-0.005
9.15242	-0.005
9.16264	-0.005
9.17167	-0.005
9.17905	-0.005
9.1844	-0.005
9.18747	-0.005
9.18819	-0.005
9.19003	-0.005
9.19427	-0.005
9.20067	-0.005
9.20893	-0.005
9.21861	-0.005
9.22925	-0.005
9.2403	-0.005
9.25121	-0.005
9.26144	-0.005
9.27047	-0.005
9.27784	-0.005
9.2832	-0.005
9.28626	-0.005
9.28699	-0.005
9.28883	-0.005
9.29306	-0.005
9.29947	-0.005
9.30772	-0.005
9.31741	-0.005
9.32805	-0.005
9.3391	-0.005
9.35001	-0.005
9.36024	-0.005
9.36926	-0.005
9.37664	-0.005
9.382	-0.005
9.38506	-0.005
9.38579	-0.005
9.38763	-0.005
9.39186	-0.005
9.39827	-0.005
9.40652	-0.005
9.41621	-0.005
9.42684	-0.005
9.4379	-0.005
9.44881	-0.005
9.45904	-0.005
9.46806	-0.005
9.47544	-0.005
9.48079	-0.005
9.48386	-0.005
9.48459	-0.005
9.48643	-0.005
9.49066	-0.005
9.49707	-0.005
9.50532	-0.005
9.51501	-0.005
9.52564	-0.005
9.53669	-0.005
9.54761	-0.005
9.55783	-0.005
9.56686	-0.005
9.57424	-0.005
9.57959	-0.005
9.58266	-0.005
9.58338	-0.005
9.58522	-0.005
9.58946	-0.005
9.59586	-0.005
9.60412	-0.005
9.6138	-0.005
9.62444	-0.005
9.63549	-0.005
9.6464	-0.005
9.65663	-0.005
9.66566	-0.005
9.67303	-0.005
9.67839	-0.005
9.68145	-0.005
9.68218	-0.005
9.68402	-0.005
9.68826	-0.005
9.69466	-0.005
9.70291	-0.005
9.7126	-0.005
9.72324	-0.005
9.73429	-0.005
9.7452	-0.005
9.75543	-0.005
9.76446	-0.005
9.77183	-0.005
9.77719	-0.005
9.78025	-0.005
9.78098	-0.005
9.78282	-0.005
9.78705	-0.005
9.79346	-0.005
9.80171	-0.005
9.8114	-0.005
9.82204	-0.005
9.83309	-0.005
9.844	-0.005
9.85423	-0.005
9.86325	-0.005
9.87063	-0.005
9.87598	-0.005
9.87905	-0.005
9.87978	-0.005
9.88162	-0.005
9.88585	-0.005
9.89226	-0.005
9.90051	-0.005
9.9102	-0.005
9.92083	-0.005
9.93189	-0.005
9.9428	-0.005
9.95302	-0.005
9.96205	-0.005
9.96943	-0.005
9.97478	-0.005
9.97785	-0.005
9.97858	-0.005
9.98041	-0.005
9.98465	-0.005
9.99105	-0.005
9.99931	-0.005
10.009	-0.005
10.0196	-0.005
10.0307	-0.005
10.0416	-0.005
10.0518	-0.005
10.0608	-0.005
10.0682	-0.005
10.0736	-0.005
10.0766	-0.005
10.0774	-0.005
10.0792	-0.005
10.0834	-0.005
10.0899	-0.005
10.0981	-0.005
10.1078	-0.005
10.1184	-0.005
10.1295	-0.005
10.1404	-0.005
10.1506	-0.005
10.1596	-0.005
10.167	-0.005
10.1724	-0.005
10.1754	-0.005
10.1762	-0.005
10.178	-0.005
10.1822	-0.005
10.1886	-0.005
10.1969	-0.005
10.2066	-0.005
10.2172	-0.005
10.2283	-0.005
10.2392	-0.005
10.2494	-0.005
10.2584	-0.005
10.2658	-0.005
10.2712	-0.005
10.2742	-0.005
10.275	-0.005
10.2768	-0.005
10.281	-0.005
10.2874	-0.005
10.2957	-0.005
10.3054	-0.005
10.316	-0.005
10.3271	-0.005
10.338	-0.005
10.3482	-0.005
10.3572	-0.005
10.3646	-0.005
10.37	-0.005
10.373	-0.005
10.3738	-0.005
10.3756	-0.005
10.3798	-0.005
10.3862	-0.005
10.3945	-0.005
10.4042	-0.005
10.4148	-0.005
10.4259	-0.005
10.4368	-0.005
10.447	-0.005
10.456	-0.005
10.4634	-0.005
10.4688	-0.005
10.4718	-0.005
10.4726	-0.005
10.4744	-0.005
10.4786	-0.005
10.485	-0.005
10.4933	-0.005
10.503	-0.005
10.5136	-0.005
10.5247	-0.005
10.5356	-0.005
10.5458	-0.005
10.5548	-0.005
10.5622	-0.005
10.5676	-0.005
10.5706	-0.005
10.5714	-0.005
10.5732	-0.005
10.5774	-0.005
10.5838	-0.005
10.5921	-0.005
10.6018	-0.005
10.6124	-0.005
10.6235	-0.005
10.6344	-0.005
10.6446	-0.005
10.6536	-0.005
10.661	-0.005
10.6664	-0.005
10.6694	-0.005
10.6702	-0.005
10.672	-0.005
10.6762	-0.005
10.6826	-0.005
10.6909	-0.005
10.7006	-0.005
10.7112	-0.005
10.7223	-0.005
10.7332	-0.005
10.7434	-0.005
10.7524	-0.005
10.7598	-0.005
10.7652	-0.005
10.7682	-0.005
10.769	-0.005
10.7708	-0.005
10.775	-0.005
10.7814	-0.005
10.7897	-0.005
10.7994	-0.005
10.81	-0.005
10.8211	-0.005
10.832	-0.005
10.8422	-0.005
10.8512	-0.005
10.8586	-0.005
10.864	-0.005
10.867	-0.005
10.8678	-0.005
10.8696	-0.005
10.8738	-0.005
10.8802	-0.005
10.8885	-0.005
10.8982	-0.005
10.9088	-0.005
10.9199	-0.005
10.9308	-0.005
10.941	-0.005
10.95	-0.005
10.9574	-0.005
10.9628	-0.005
10.9658	-0.005
10.9666	-0.005
10.9684	-0.005
10.9726	-0.005
10.979	-0.005
10.9873	-0.005
10.997	-0.005
11.0076	-0.005
11.0187	-0.005
11.0296	-0.005
11.0398	-0.005
11.0488	-0.005
11.0562	-0.005
11.0616	-0.005
11.0646	-0.005
11.0654	-0.005
11.0672	-0.005
11.0714	-0.005
11.0778	-0.005
11.0861	-0.005
11.0958	-0.005
11.1064	-0.005
11.1175	-0.005
11.1284	-0.005
11.1386	-0.005
11.1476	-0.005
11.155	-0.005
11.1604	-0.005
11.1634	-0.005
11.1641	-0.005
11.166	-0.005
11.1702	-0.005
11.1766	-0.005
11.1849	-0.005
11.1946	-0.005
11.2052	-0.005
11.2163	-0.005
11.2272	-0.005
11.2374	-0.005
11.2464	-0.005
11.2538	-0.005
11.2592	-0.005
11.2622	-0.005
11.2629	-0.005
11.2648	-0.005
11.269	-0.005
11.2754	-0.005
11.2837	-0.005
11.2934	-0.005
11.304	-0.005
11.3151	-0.005
11.326	-0.005
11.3362	-0.005
11.3452	-0.005
11.3526	-0.005
11.358	-0.005
11.361	-0.005
11.3617	-0.005
11.3636	-0.005
11.3678	-0.005
11.3742	-0.005
11.3825	-0.005
11.3922	-0.005
11.4028	-0.005
11.4139	-0.005
11.4248	-0.005
11.435	-0.005
11.444	-0.005
11.4514	-0.005
11.4567	-0.005
11.4598	-0.005
11.4605	-0.005
11.4624	-0.005
11.4666	-0.005
11.473	-0.005
11.4813	-0.005
11.491	-0.005
11.5016	-0.005
11.5126	-0.005
11.5236	-0.005
11.5338	-0.005
11.5428	-0.005
11.5502	-0.005
11.5555	-0.005
11.5586	-0.005
11.5593	-0.005
11.5612	-0.005
11.5654	-0.005
11.5718	-0.005
11.5801	-0.005
11.5898	-0.005
11.6004	-0.005
11.6114	-0.005
11.6224	-0.005
11.6326	-0.005
11.6416	-0.005
11.649	-0.005
11.6543	-0.005
11.6574	-0.005
11.6581	-0.005
11.66	-0.005
11.6642	-0.005
11.6706	-0.005
11.6789	-0.005
11.6886	-0.005
11.6992	-0.005
11.7102	-0.005
11.7212	-0.005
11.7314	-0.005
11.7404	-0.005
11.7478	-0.005
11.7531	-0.005
11.7562	-0.005
11.7569	-0.005
11.7588	-0.005
11.763	-0.005
11.7694	-0.005
11.7777	-0.005
11.7874	-0.005
11.798	-0.005
11.809	-0.005
11.82	-0.005
11.8302	-0.005
11.8392	-0.005
11.8466	-0.005
11.8519	-0.005
11.855	-0.005
11.8557	-0.005
11.8576	-0.005
11.8618	-0.005
11.8682	-0.005
11.8765	-0.005
11.8862	-0.005
11.8968	-0.005
11.9078	-0.005
11.9188	-0.005
11.929	-0.005
11.938	-0.005
11.9454	-0.005
11.9507	-0.005
11.9538	-0.005
11.9545	-0.005
11.9564	-0.005
11.9606	-0.005
11.967	-0.005
11.9753	-0.005
11.985	-0.005
11.9956	-0.005
12.0066	-0.005
12.0176	-0.005
12.0278	-0.005
12.0368	-0.005
12.0442	-0.005
12.0495	-0.005
12.0526	-0.005
12.0533	-0.005
12.0552	-0.005
12.0594	-0.005
12.0658	-0.005
12.0741	-0.005
12.0837	-0.005
12.0944	-0.005
12.1054	-0.005
12.1163	-0.005
12.1266	-0.005
12.1356	-0.005
12.143	-0.005
12.1483	-0.005
12.1514	-0.005
12.1521	-0.005
12.154	-0.005
12.1582	-0.005
12.1646	-0.005
12.1729	-0.005
12.1825	-0.005
12.1932	-0.005
12.2042	-0.005
12.2151	-0.005
12.2254	-0.005
12.2344	-0.005
12.2418	-0.005
12.2471	-0.005
12.2502	-0.005
12.2509	-0.005
12.2528	-0.005
12.257	-0.005
12.2634	-0.005
12.2717	-0.005
12.2813	-0.005
12.292	-0.005
12.303	-0.005
12.3139	-0.005
12.3242	-0.005
12.3332	-0.005
12.3406	-0.005
12.3459	-0.005
12.349	-0.005
12.3497	-0.005
12.3516	-0.005
12.3558	-0.005
12.3622	-0.005
12.3705	-0.005
12.3801	-0.005
12.3908	-0.005
12.4018	-0.005
12.4127	-0.005
12.423	-0.005
12.432	-0.005
12.4394	-0.005
12.4447	-0.005
12.4478	-0.005
12.4485	-0.005
12.4504	-0.005
12.4546	-0.005
12.461	-0.005
12.4693	-0.005
12.4789	-0.005
12.4896	-0.005
12.5006	-0.005
12.5115	-0.005
12.5218	-0.005
12.5308	-0.005
12.5382	-0.005
12.5435	-0.005
12.5466	-0.005
12.5473	-0.005
12.5492	-0.005
12.5534	-0.005
12.5598	-0.005
12.568	-0.005
12.5777	-0.005
12.5884	-0.005
12.5994	-0.005
12.6103	-0.005
12.6206	-0.005
12.6296	-0.005
12.637	-0.005
12.6423	-0.005
12.6454	-0.005
12.6461	-0.005
12.648	-0.005
12.6522	-0.005
12.6586	-0.005
12.6668	-0.005
12.6765	-0.005
12.6872	-0.005
12.6982	-0.005
12.7091	-0.005
12.7194	-0.005
12.7284	-0.005
12.7358	-0.005
12.7411	-0.005
12.7442	-0.005
12.7449	-0.005
12.7468	-0.005
12.751	-0.005
12.7574	-0.005
12.7656	-0.005
12.7753	-0.005
12.786	-0.005
12.797	-0.005
12.8079	-0.005
12.8182	-0.005
12.8272	-0.005
12.8346	-0.005
12.8399	-0.005
12.843	-0.005
12.8437	-0.005
12.8455	-0.005
12.8498	-0.005
12.8562	-0.005
12.8644	-0.005
12.8741	-0.005
12.8848	-0.005
12.8958	-0.005
12.9067	-0.005
12.917	-0.005
12.926	-0.005
12.9334	-0.005
12.9387	-0.005
12.9418	-0.005
12.9425	-0.005
12.9443	-0.005
12.9486	-0.005
12.955	-0.005
12.9632	-0.005
12.9729	-0.005
12.9836	-0.005
12.9946	-0.005
13.0055	-0.005
13.0158	-0.005
13.0248	-0.005
13.0322	-0.005
13.0375	-0.005
13.0406	-0.005
13.0413	-0.005
13.0431	-0.005
13.0474	-0.005
13.0538	-0.005
13.062	-0.005
13.0717	-0.005
13.0824	-0.005
13.0934	-0.005
13.1043	-0.005
13.1146	-0.005
13.1236	-0.005
13.131	-0.005
13.1363	-0.005
13.1394	-0.005
13.1401	-0.005
13.1419	-0.005
13.1462	-0.005
13.1526	-0.005
13.1608	-0.005
13.1705	-0.005
13.1812	-0.005
13.1922	-0.005
13.2031	-0.005
13.2134	-0.005
13.2224	-0.005
13.2298	-0.005
13.2351	-0.005
13.2382	-0.005
13.2389	-0.005
13.2407	-0.005
13.245	-0.005
13.2514	-0.005
13.2596	-0.005
13.2693	-0.005
13.28	-0.005
13.291	-0.005
13.3019	-0.005
13.3121	-0.005
13.3212	-0.005
13.3286	-0.005
13.3339	-0.005
13.337	-0.005
13.3377	-0.005
13.3395	-0.005
13.3438	-0.005
13.3502	-0.005
13.3584	-0.005
13.3681	-0.005
13.3788	-0.005
13.3898	-0.005
13.4007	-0.005
13.4109	-0.005
13.42	-0.005
13.4273	-0.005
13.4327	-0.005
13.4358	-0.005
13.4365	-0.005
13.4383	-0.005
13.4426	-0.005
13.449	-0.005
13.4572	-0.005
13.4669	-0.005
13.4776	-0.005
13.4886	-0.005
13.4995	-0.005
13.5097	-0.005
13.5188	-0.005
13.5261	-0.005
13.5315	-0.005
13.5346	-0.005
13.5353	-0.005
13.5371	-0.005
13.5414	-0.005
13.5478	-0.005
13.556	-0.005
13.5657	-0.005
13.5764	-0.005
13.5874	-0.005
13.5983	-0.005
13.6085	-0.005
13.6176	-0.005
13.6249	-0.005
13.6303	-0.005
13.6334	-0.005
13.6341	-0.005
13.6359	-0.005
13.6402	-0.005
13.6466	-0.005
13.6548	-0.005
13.6645	-0.005
13.6751	-0.005
13.6862	-0.005
13.6971	-0.005
13.7073	-0.005
13.7164	-0.005
13.7237	-0.005
13.7291	-0.005
13.7322	-0.005
13.7329	-0.005
13.7347	-0.005
13.739	-0.005
13.7454	-0.005
13.7536	-0.005
13.7633	-0.005
13.7739	-0.005
13.785	-0.005
13.7959	-0.005
13.8061	-0.005
13.8152	-0.005
13.8225	-0.005
13.8279	-0.005
13.831	-0.005
13.8317	-0.005
13.8335	-0.005
13.8378	-0.005
13.8442	-0.005
13.8524	-0.005
13.8621	-0.005
13.8727	-0.005
13.8838	-0.005
13.8947	-0.005
13.9049	-0.005
13.914	-0.005
13.9213	-0.005
13.9267	-0.005
13.9298	-0.005
13.9305	-0.005
13.9323	-0.005
13.9366	-0.005
13.943	-0.005
13.9512	-0.005
13.9609	-0.005
13.9715	-0.005
13.9826	-0.005
13.9935	-0.005
14.0037	-0.005
14.0128	-0.005
14.0201	-0.005
14.0255	-0.005
14.0286	-0.005
14.0293	-0.005
14.0311	-0.005
14.0354	-0.005
14.0418	-0.005
14.05	-0.005
14.0597	-0.005
14.0703	-0.005
14.0814	-0.005
14.0923	-0.005
14.1025	-0.005
14.1116	-0.005
14.1189	-0.005
14.1243	-0.005
14.1274	-0.005
14.1281	-0.005
14.1299	-0.005
14.1342	-0.005
14.1406	-0.005
14.1488	-0.005
14.1585	-0.005
14.1691	-0.005
14.1802	-0.005
14.1911	-0.005
14.2013	-0.005
14.2104	-0.005
14.2177	-0.005
14.2231	-0.005
14.2262	-0.005
14.2269	-0.005
14.2287	-0.005
14.233	-0.005
14.2394	-0.005
14.2476	-0.005
14.2573	-0.005
14.2679	-0.005
14.279	-0.005
14.2899	-0.005
14.3001	-0.005
14.3092	-0.005
14.3165	-0.005
14.3219	-0.005
14.325	-0.005
14.3257	-0.005
14.3275	-0.005
14.3318	-0.005
14.3382	-0.005
14.3464	-0.005
14.3561	-0.005
14.3667	-0.005
14.3778	-0.005
14.3887	-0.005
14.3989	-0.005
14.408	-0.005
14.4153	-0.005
14.4207	-0.005
14.4237	-0.005
14.4245	-0.005
14.4263	-0.005
14.4305	-0.005
14.437	-0.005
14.4452	-0.005
14.4549	-0.005
14.4655	-0.005
14.4766	-0.005
14.4875	-0.005
14.4977	-0.005
14.5067	-0.005
14.5141	-0.005
14.5195	-0.005
14.5225	-0.005
14.5233	-0.005
14.5251	-0.005
14.5293	-0.005
14.5358	-0.005
14.544	-0.005
14.5537	-0.005
14.5643	-0.005
14.5754	-0.005
14.5863	-0.005
14.5965	-0.005
14.6055	-0.005
14.6129	-0.005
14.6183	-0.005
14.6213	-0.005
14.6221	-0.005
14.6239	-0.005
14.6281	-0.005
14.6345	-0.005
14.6428	-0.005
14.6525	-0.005
14.6631	-0.005
14.6742	-0.005
14.6851	-0.005
14.6953	-0.005
14.7043	-0.005
14.7117	-0.005
14.7171	-0.005
14.7201	-0.005
14.7209	-0.005
14.7227	-0.005
14.7269	-0.005
14.7333	-0.005
14.7416	-0.005
14.7513	-0.005
14.7619	-0.005
14.773	-0.005
14.7839	-0.005
14.7941	-0.005
14.8031	-0.005
14.8105	-0.005
14.8159	-0.005
14.8189	-0.005
14.8197	-0.005
14.8215	-0.005
14.8257	-0.005
14.8321	-0.005
14.8404	-0.005
14.8501	-0.005
14.8607	-0.005
14.8718	-0.005
14.8827	-0.005
14.8929	-0.005
14.9019	-0.005
14.9093	-0.005
14.9147	-0.005
14.9177	-0.005
14.9185	-0.00499998
14.9203	-0.005
14.9245	-0.005
14.9309	-0.005
14.9392	-0.005
14.9489	-0.005
14.9595	-0.005
14.9706	-0.005
14.9815	-0.005
14.9917	-0.005
15.0007	-0.005
15.0081	-0.00499998
15.0135	-0.00499994
15.0165	-0.00499968
15.0173	-0.00499868
15.0198	0.00222008
15.0255	0.00499996
15.034	0.00499999
15.0447	0.005
15.0569	0.005
15.0698	0.005
15.0825	0.005
15.094	0.005
15.1037	0.005
15.1109	0.005
15.1151	0.005
15.1161	0.00499997
15.1186	0.005
15.1243	0.005
15.1328	0.005
15.1435	0.005
15.1557	0.005
15.1686	0.005
15.1813	0.005
15.1928	0.005
15.2025	0.005
15.2097	0.005
15.2139	0.005
15.2149	0.00499998
15.2167	0.005
15.2209	0.005
15.2273	0.005
15.2356	0.005
15.2453	0.005
15.2559	0.005
15.267	0.005
15.2779	0.005
15.2881	0.005
15.2971	0.005
15.3045	0.005
15.3099	0.005
15.3129	0.005
15.3137	0.00499998
15.3155	0.005
15.3197	0.005
15.3261	0.005
15.3344	0.005
15.3441	0.005
15.3547	0.005
15.3658	0.005
15.3767	0.005
15.3869	0.005
15.3959	0.005
15.4033	0.005
15.4087	0.005
15.4117	0.005
15.4125	0.00499998
15.4143	0.005
15.4185	0.005
15.4249	0.005
15.4332	0.005
15.4429	0.005
15.4535	0.005
15.4646	0.005
15.4755	0.005
15.4857	0.005
15.4947	0.005
15.5021	0.005
15.5075	0.005
15.5105	0.005
15.5113	0.00499998
15.5131	0.005
15.5173	0.005
15.5237	0.005
15.532	0.005
15.5417	0.005
15.5523	0.005
15.5634	0.005
15.5743	0.005
15.5845	0.005
15.5935	0.005
15.6009	0.005
15.6063	0.005
15.6093	0.005
15.61	0.00499999
15.615	0.005
15.6265	0.005
15.6435	0.005
15.6649	0.005
15.6894	0.005
15.7151	0.005
15.7405	0.005
15.7636	0.005
15.783	0.005
15.7974	0.00499997
15.8057	0.00499725
15.8076	-0.00499485
15.8113	-0.00499988
15.8198	-0.00499998
15.8326	-0.005
15.8491	-0.005
15.8685	-0.005
15.8898	-0.005
15.9119	-0.005
15.9337	-0.005
15.9541	-0.005
15.9722	-0.005
15.9869	-0.005
15.9977	-0.005
16.0038	-0.005
16.0052	-0.00499997
16.0071	-0.005
16.0113	-0.005
16.0177	-0.005
16.026	-0.005
16.0357	-0.005
16.0463	-0.005
16.0573	-0.005
16.0683	-0.005
16.0785	-0.005
16.0875	-0.005
16.0949	-0.005
16.1002	-0.005
16.1033	-0.005
16.104	-0.00499998
16.1059	-0.005
16.1101	-0.005
16.1165	-0.005
16.1248	-0.005
16.1345	-0.005
16.1451	-0.005
16.1561	-0.005
16.1671	-0.005
16.1773	-0.005
16.1863	-0.005
16.1937	-0.005
16.199	-0.005
16.2021	-0.005
16.2028	-0.00499998
16.2047	-0.005
16.2089	-0.005
16.2153	-0.005
16.2236	-0.005
16.2333	-0.005
16.2439	-0.005
16.2549	-0.005
16.2659	-0.005
16.2761	-0.005
16.2851	-0.005
16.2925	-0.005
16.2978	-0.005
16.3009	-0.005
16.3016	-0.00499998
16.3035	-0.005
16.3077	-0.005
16.3141	-0.005
16.3224	-0.005
16.3321	-0.005
16.3427	-0.005
16.3537	-0.005
16.3647	-0.005
16.3749	-0.005
16.3839	-0.005
16.3913	-0.005
16.3966	-0.005
16.3997	-0.005
16.4004	-0.005
16.4048	-0.005
16.4147	-0.005
16.4288	-0.005
16.4454	-0.005
16.4625	-0.005
16.4781	-0.005
16.4902	-0.005
16.4975	-0.005
16.4992	-0.00499999
16.5036	-0.005
16.5135	-0.005
16.5276	-0.005
16.5442	-0.005
16.5613	-0.005
16.5769	-0.005
16.589	-0.00499998
16.5963	-0.000887534
16.598	0.0049969
16.5999	0.00499983
16.6041	0.00499996
16.6105	0.00499999
16.6188	0.005
16.6284	0.005
16.6391	0.005
16.6501	0.005
16.661	0.005
16.6713	0.005
16.6803	0.005
16.6877	0.005
16.693	0.005
16.6961	0.005
16.6968	0.00499998
16.6987	0.005
16.7029	0.005
16.7093	0.005
16.7176	0.005
16.7272	0.005
16.7379	0.005
16.7489	0.005
16.7598	0.005
16.7701	0.005
16.7791	0.005
16.7865	0.005
16.7918	0.005
16.7949	0.005
16.7956	0.005
16.7975	0.005
16.8017	0.005
16.8081	0.005
16.8164	0.005
16.826	0.005
16.8367	0.005
16.8477	0.005
16.8586	0.005
16.8689	0.005
16.8779	0.005
16.8853	0.005
16.8906	0.005
16.8937	0.005
16.8944	0.005
16.8963	0.005
16.9005	0.005
16.9069	0.005
16.9152	0.005
16.9248	0.005
16.9355	0.005
16.9465	0.005
16.9574	0.005
16.9677	0.005
16.9767	0.005
16.9841	0.005
16.9894	0.005
16.9925	0.005
16.9932	0.005
16.9951	0.005
16.9993	0.005
17.0057	0.005
17.0139	0.005
17.0236	0.005
17.0343	0.005
17.0453	0.005
17.0562	0.005
17.0665	0.005
17.0755	0.005
17.0829	0.005
17.0882	0.005
17.0913	0.005
17.092	0.005
17.0939	0.005
17.0981	0.005
17.1045	0.005
17.1127	0.005
17.1224	0.005
17.1331	0.005
17.1441	0.005
17.155	0.005
17.1653	0.005
17.1743	0.005
17.1817	0.005
17.187	0.005
17.1901	0.005
17.1908	0.005
17.1927	0.005
17.1969	0.005
17.2033	0.005
17.2115	0.005
17.2212	0.005
17.2319	0.005
17.2429	0.005
17.2538	0.005
17.2641	0.005
17.2731	0.005
17.2805	0.005
17.2858	0.005
17.2889	0.005
17.2896	0.005
17.2914	0.005
17.2957	0.005
17.3021	0.005
17.3103	0.005
17.32	0.005
17.3307	0.005
17.3417	0.005
17.3526	0.005
17.3629	0.005
17.3719	0.005
17.3793	0.005
17.3846	0.005
17.3877	0.005
17.3884	0.005
17.3902	0.005
17.3945	0.005
17.4009	0.005
17.4091	0.005
17.4188	0.005
17.4295	0.005
17.4405	0.005
17.4514	0.005
17.4617	0.005
17.4707	0.005
17.4781	0.005
17.4834	0.005
17.4865	0.005
17.4872	0.005
17.489	0.005
17.4933	0.005
17.4997	0.005
17.5079	0.005
17.5176	0.005
17.5283	0.005
17.5393	0.005
17.5502	0.005
17.5605	0.005
17.5695	0.005
17.5769	0.005
17.5822	0.005
17.5853	0.005
17.586	0.005
17.5878	0.005
17.5921	0.005
17.5985	0.005
17.6067	0.005
17.6164	0.005
17.6271	0.005
17.6381	0.005
17.649	0.005
17.6593	0.005
17.6683	0.005
17.6757	0.005
17.681	0.005
17.6841	0.005
17.6848	0.005
17.6866	0.005
17.6909	0.005
17.6973	0.005
17.7055	0.005
17.7152	0.005
17.7259	0.005
17.7369	0.005
17.7478	0.005
17.758	0.005
17.7671	0.005
17.7745	0.005
17.7798	0.005
17.7829	0.005
17.7836	0.005
17.7854	0.005
17.7897	0.005
17.7961	0.005
17.8043	0.005
17.814	0.005
17.8247	0.005
17.8357	0.005
17.8466	0.005
17.8568	0.005
17.8659	0.005
17.8732	0.005
17.8786	0.005
17.8817	0.005
17.8824	0.005
17.8842	0.005
17.8885	0.005
17.8949	0.005
17.9031	0.005
17.9128	0.005
17.9235	0.005
17.9345	0.005
17.9454	0.005
17.9556	0.005
17.9647	0.005
17.972	0.005
17.9774	0.005
17.9805	0.005
17.9812	0.005
17.983	0.005
17.9873	0.005
17.9937	0.005
18.0019	0.005
18.0116	0.005
18.0223	0.005
18.0333	0.005
18.0442	0.005
18.0544	0.005
18.0635	0.005
18.0708	0.005
18.0762	0.005
18.0793	0.005
18.08	0.005
18.0818	0.005
18.0861	0.005
18.0925	0.005
18.1007	0.005
18.1104	0.005
18.121	0.005
18.1321	0.005
18.143	0.005
18.1532	0.005
18.1623	0.005
18.1696	0.005
18.175	0.005
18.1781	0.005
18.1788	0.005
18.1806	0.005
18.1849	0.005
18.1913	0.005
18.1995	0.005
18.2092	0.005
18.2198	0.005
18.2309	0.005
18.2418	0.005
18.252	0.005
18.2611	0.005
18.2684	0.005
18.2738	0.005
18.2769	0.005
18.2776	0.005
18.2794	0.005
18.2837	0.005
18.2901	0.005
18.2983	0.005
18.308	0.005
18.3186	0.005
18.3297	0.005
18.3406	0.005
18.3508	0.005
18.3599	0.005
18.3672	0.005
18.3726	0.005
18.3757	0.005
18.3764	0.005
18.3782	0.005
18.3825	0.005
18.3889	0.005
18.3971	0.005
18.4068	0.005
18.4174	0.005
18.4285	0.005
18.4394	0.005
18.4496	0.005
18.4587	0.005
18.466	0.005
18.4714	0.005
18.4745	0.005
18.4752	0.005
18.477	0.005
18.4813	0.005
18.4877	0.005
18.4959	0.005
18.5056	0.005
18.5162	0.005
18.5273	0.005
18.5382	0.005
18.5484	0.005
18.5575	0.005
18.5648	0.005
18.5702	0.005
18.5733	0.005
18.574	0.005
18.5758	0.005
18.5801	0.005
18.5865	0.005
18.5947	0.005
18.6044	0.005
18.615	0.005
18.6261	0.005
18.637	0.005
18.6472	0.005
18.6563	0.005
18.6636	0.005
18.669	0.005
18.6721	0.005
18.6728	0.005
18.6746	0.005
18.6789	0.005
18.6853	0.005
18.6935	0.005
18.7032	0.005
18.7138	0.005
18.7249	0.005
18.7358	0.005
18.746	0.005
18.7551	0.005
18.7624	0.005
18.7678	0.005
18.7709	0.005
18.7716	0.005
18.7734	0.005
18.7777	0.005
18.7841	0.005
18.7923	0.005
18.802	0.005
18.8126	0.005
18.8237	0.005
18.8346	0.005
18.8448	0.005
18.8539	0.005
18.8612	0.005
18.8666	0.005
18.8696	0.005
18.8704	0.005
18.8722	0.005
18.8764	0.005
18.8829	0.005
18.8911	0.005
18.9008	0.005
18.9114	0.005
18.9225	0.005
18.9334	0.005
18.9436	0.005
18.9526	0.005
18.96	0.005
18.9654	0.005
18.9684	0.005
18.9692	0.005
18.971	0.005
18.9752	0.005
18.9817	0.005
18.9899	0.005
18.9996	0.005
19.0102	0.005
19.0213	0.005
19.0322	0.005
19.0424	0.005
19.0514	0.005
19.0588	0.005
19.0642	0.005
19.0672	0.005
19.068	0.005
19.0698	0.005
19.074	0.005
19.0804	0.005
19.0887	0.005
19.0984	0.005
19.109	0.005
19.1201	0.005
19.131	0.005
19.1412	0.005
19.1502	0.005
19.1576	0.005
19.163	0.005
19.166	0.005
19.1668	0.005
19.1686	0.005
19.1728	0.005
19.1792	0.005
19.1875	0.005
19.1972	0.005
19.2078	0.005
19.2189	0.005
19.2298	0.005
19.24	0.005
19.249	0.005
19.2564	0.005
19.2618	0.005
19.2648	0.005
19.2656	0.005
19.2674	0.005
19.2716	0.005
19.278	0.005
19.2863	0.005
19.296	0.005
19.3066	0.005
19.3177	0.005
19.3286	0.005
19.3388	0.005
19.3478	0.005
19.3552	0.005
19.3606	0.005
19.3636	0.005
19.3644	0.005
19.3662	0.005
19.3704	0.005
19.3768	0.005
19.3851	0.005
19.3948	0.005
19.4054	0.005
19.4165	0.005
19.4274	0.005
19.4376	0.005
19.4466	0.005
19.454	0.005
19.4594	0.005
19.4624	0.005
19.4632	0.005
19.465	0.005
19.4692	0.005
19.4756	0.005
19.4839	0.005
19.4936	0.005
19.5042	0.005
19.5153	0.005
19.5262	0.005
19.5364	0.005
19.5454	0.005
19.5528	0.005
19.5582	0.005
19.5612	0.005
19.562	0.005
19.5638	0.005
19.568	0.005
19.5744	0.005
19.5827	0.005
19.5924	0.005
19.603	0.005
19.6141	0.005
19.625	0.005
19.6352	0.005
19.6442	0.005
19.6516	0.005
19.657	0.005
19.66	0.005
19.6608	0.005
19.6626	0.005
19.6668	0.005
19.6732	0.005
19.6815	0.005
19.6912	0.005
19.7018	0.005
19.7129	0.005
19.7238	0.005
19.734	0.005
19.743	0.005
19.7504	0.005
19.7558	0.005
19.7588	0.005
19.7596	0.005
19.7614	0.005
19.7656	0.005
19.772	0.005
19.7803	0.005
19.79	0.005
19.8006	0.005
19.8117	0.005
19.8226	0.005
19.8328	0.005
19.8418	0.005
19.8492	0.005
19.8546	0.005
19.8576	0.005
19.8584	0.005
19.8602	0.005
19.8644	0.005
19.8708	0.005
19.8791	0.005
19.8888	0.005
19.8994	0.005
19.9105	0.005
19.9214	0.005
19.9316	0.005
19.9406	0.005
19.948	0.005
19.9534	0.005
19.9564	0.005
19.9572	0.005
19.959	0.005
19.9632	0.005
19.9696	0.005
19.9779	0.005
19.9876	0.005
19.9982	0.005
20.0093	0.005
20.0202	0.005
20.0304	0.005
20.0394	0.005
20.0468	0.005
20.0522	0.005
20.0552	0.005
20.0559	0.005
20.0578	0.005
20.062	0.005
20.0684	0.005
20.0767	0.005
20.0864	0.005
20.097	0.005
20.1081	0.005
20.119	0.005
20.1292	0.005
20.1382	0.005
20.1456	0.005
20.151	0.005
20.154	0.005
20.1547	0.005
20.1566	0.005
20.1608	0.005
20.1672	0.005
20.1755	0.005
20.1852	0.005
20.1958	0.005
20.2069	0.005
20.2178	0.005
20.228	0.005
20.237	0.005
20.2444	0.005
20.2498	0.005
20.2528	0.005
20.2535	0.005
20.2554	0.005
20.2596	0.005
20.266	0.005
20.2743	0.005
20.284	0.005
20.2946	0.005
20.3057	0.005
20.3166	0.005
20.3268	0.005
20.3358	0.005
20.3432	0.005
20.3485	0.005
20.3516	0.005
20.3523	0.005
20.3542	0.005
20.3584	0.005
20.3648	0.005
20.3731	0.005
20.3828	0.005
20.3934	0.005
20.4044	0.005
20.4154	0.005
20.4256	0.005
20.4346	0.005
20.442	0.005
20.4473	0.005
20.4504	0.005
20.4511	0.005
20.453	0.005
20.4572	0.005
20.4636	0.005
20.4719	0.005
20.4816	0.005
20.4922	0.005
20.5032	0.005
20.5142	0.005
20.5244	0.005
20.5334	0.005
20.5408	0.005
20.5461	0.005
20.5492	0.005
20.5499	0.005
20.5518	0.005
20.556	0.005
20.5624	0.005
20.5707	0.005
20.5804	0.005
20.591	0.005
20.602	0.005
20.613	0.005
20.6232	0.005
20.6322	0.005
20.6396	0.005
20.6449	0.005
20.648	0.005
20.6487	0.005
20.6506	0.005
20.6548	0.005
20.6612	0.005
20.6695	0.005
20.6792	0.005
20.6898	0.005
20.7008	0.005
20.7118	0.005
20.722	0.005
20.731	0.005
20.7384	0.005
20.7437	0.005
20.7468	0.005
20.7475	0.005
20.7494	0.005
20.7536	0.005
20.76	0.005
20.7683	0.005
20.778	0.005
20.7886	0.005
20.7996	0.005
20.8106	0.005
20.8208	0.005
20.8298	0.005
20.8372	0.005
20.8425	0.005
20.8456	0.005
20.8463	0.005
20.8482	0.005
20.8524	0.005
20.8588	0.005
20.8671	0.005
20.8768	0.005
20.8874	0.005
20.8984	0.005
20.9094	0.005
20.9196	0.005
20.9286	0.005
20.936	0.005
20.9413	0.005
20.9444	0.005
20.9451	0.005
20.947	0.005
20.9512	0.005
20.9576	0.005
20.9659	0.005
20.9755	0.005
20.9862	0.005
20.9972	0.005
21.0081	0.005
21.0184	0.005
21.0274	0.005
21.0348	0.005
21.0401	0.005
21.0432	0.005
21.0439	0.005
21.0458	0.005
21.05	0.005
21.0564	0.005
21.0647	0.005
21.0743	0.005
21.085	0.005
21.096	0.005
21.1069	0.005
21.1172	0.005
21.1262	0.005
21.1336	0.005
21.1389	0.005
21.142	0.005
21.1427	0.005
21.1446	0.005
21.1488	0.005
21.1552	0.005
21.1635	0.005
21.1731	0.005
21.1838	0.005
21.1948	0.005
21.2057	0.005
21.216	0.005
21.225	0.005
21.2324	0.005
21.2377	0.005
21.2408	0.005
21.2415	0.005
21.2434	0.005
21.2476	0.005
21.254	0.005
21.2623	0.005
21.2719	0.005
21.2826	0.005
21.2936	0.005
21.3045	0.005
21.3148	0.005
21.3238	0.005
21.3312	0.005
21.3365	0.005
21.3396	0.005
21.3403	0.005
21.3422	0.005
21.3464	0.005
21.3528	0.005
21.3611	0.005
21.3707	0.005
21.3814	0.005
21.3924	0.005
21.4033	0.005
21.4136	0.005
21.4226	0.005
21.43	0.005
21.4353	0.005
21.4384	0.005
21.4391	0.005
21.441	0.005
21.4452	0.005
21.4516	0.005
21.4598	0.005
21.4695	0.005
21.4802	0.005
21.4912	0.005
21.5021	0.005
21.5124	0.005
21.5214	0.005
21.5288	0.005
21.5341	0.005
21.5372	0.005
21.5379	0.005
21.5398	0.005
21.544	0.005
21.5504	0.005
21.5586	0.005
21.5683	0.005
21.579	0.005
21.59	0.005
21.6009	0.005
21.6112	0.005
21.6202	0.005
21.6276	0.005
21.6329	0.005
21.636	0.005
21.6367	0.005
21.6386	0.005
21.6428	0.005
21.6492	0.005
21.6574	0.005
21.6671	0.005
21.6778	0.005
21.6888	0.005
21.6997	0.005
21.71	0.005
21.719	0.005
21.7264	0.005
21.7317	0.005
21.7348	0.005
21.7355	0.005
21.7373	0.005
21.7416	0.005
21.748	0.005
21.7562	0.005
21.7659	0.005
21.7766	0.005
21.7876	0.005
21.7985	0.005
21.8088	0.005
21.8178	0.005
21.8252	0.005
21.8305	0.005
21.8336	0.005
21.8343	0.005
21.8361	0.005
21.8404	0.005
21.8468	0.005
21.855	0.005
21.8647	0.005
21.8754	0.005
21.8864	0.005
21.8973	0.005
21.9076	0.005
21.9166	0.005
21.924	0.005
21.9293	0.005
21.9324	0.005
21.9331	0.005
21.9349	0.005
21.9392	0.005
21.9456	0.005
21.9538	0.005
21.9635	0.005
21.9742	0.005
21.9852	0.005
21.9961	0.005
22.0064	0.005
22.0154	0.005
22.0228	0.005
22.0281	0.005
22.0312	0.005
22.0319	0.005
22.0337	0.005
22.038	0.005
22.0444	0.005
22.0526	0.005
22.0623	0.005
22.073	0.005
22.084	0.005
22.0949	0.005
22.1052	0.005
22.1142	0.005
22.1216	0.005
22.1269	0.005
22.13	0.005
22.1307	0.005
22.1325	0.005
22.1368	0.005
22.1432	0.005
22.1514	0.005
22.1611	0.005
22.1718	0.005
22.1828	0.005
22.1937	0.005
22.2039	0.005
22.213	0.005
22.2204	0.005
22.2257	0.005
22.2288	0.005
22.2295	0.005
22.2313	0.005
22.2356	0.005
22.242	0.005
22.2502	0.005
22.2599	0.005
22.2706	0.005
22.2816	0.005
22.2925	0.005
22.3027	0.005
22.3118	0.005
22.3191	0.005
22.3245	0.005
22.3276	0.005
22.3283	0.005
22.3301	0.005
22.3344	0.005
22.3408	0.005
22.349	0.005
22.3587	0.005
22.3694	0.005
22.3804	0.005
22.3913	0.005
22.4015	0.005
22.4106	0.005
22.4179	0.005
22.4233	0.005
22.4264	0.005
22.4271	0.005
22.4289	0.005
22.4332	0.005
22.4396	0.005
22.4478	0.005
22.4575	0.005
22.4682	0.005
22.4792	0.005
22.4901	0.005
22.5003	0.005
22.5094	0.005
22.5167	0.005
22.5221	0.005
22.5252	0.005
22.5259	0.005
22.5277	0.005
22.532	0.005
22.5384	0.005
22.5466	0.005
22.5563	0.005
22.5669	0.005
22.578	0.005
22.5889	0.005
22.5991	0.005
22.6082	0.005
22.6155	0.005
22.6209	0.005
22.624	0.005
22.6247	0.005
22.6265	0.005
22.6308	0.005
22.6372	0.005
22.6454	0.005
22.6551	0.005
22.6657	0.005
22.6768	0.005
22.6877	0.005
22.6979	0.005
22.707	0.005
22.7143	0.005
22.7197	0.005
22.7228	0.005
22.7235	0.005
22.7253	0.005
22.7296	0.005
22.736	0.005
22.7442	0.005
22.7539	0.005
22.7645	0.005
22.7756	0.005
22.7865	0.005
22.7967	0.005
22.8058	0.005
22.8131	0.005
22.8185	0.005
22.8216	0.005
22.8223	0.005
22.8241	0.005
22.8284	0.005
22.8348	0.005
22.843	0.005
22.8527	0.005
22.8633	0.005
22.8744	0.005
22.8853	0.005
22.8955	0.005
22.9046	0.005
22.9119	0.005
22.9173	0.005
22.9204	0.005
22.9211	0.005
22.9229	0.005
22.9272	0.005
22.9336	0.005
22.9418	0.005
22.9515	0.005
22.9621	0.005
22.9732	0.005
22.9841	0.005
22.9943	0.005
23.0034	0.005
23.0107	0.005
23.0161	0.005
23.0192	0.005
23.0199	0.005
23.0217	0.005
23.026	0.005
23.0324	0.005
23.0406	0.005
23.0503	0.005
23.0609	0.005
23.072	0.005
23.0829	0.005
23.0931	0.005
23.1022	0.005
23.1095	0.005
23.1149	0.005
23.118	0.005
23.1187	0.005
23.1205	0.005
23.1248	0.005
23.1312	0.005
23.1394	0.005
23.1491	0.005
23.1597	0.005
23.1708	0.005
23.1817	0.005
23.1919	0.005
23.201	0.005
23.2083	0.005
23.2137	0.005
23.2168	0.005
23.2175	0.005
23.2193	0.005
23.2236	0.005
23.23	0.005
23.2382	0.005
23.2479	0.005
23.2585	0.005
23.2696	0.005
23.2805	0.005
23.2907	0.005
23.2998	0.005
23.3071	0.005
23.3125	0.005
23.3155	0.005
23.3163	0.005
23.3181	0.005
23.3223	0.005
23.3288	0.005
23.337	0.005
23.3467	0.005
23.3573	0.005
23.3684	0.005
23.3793	0.005
23.3895	0.005
23.3985	0.005
23.4059	0.005
23.4113	0.005
23.4143	0.005
23.4151	0.005
23.4169	0.005
23.4211	0.005
23.4276	0.005
23.4358	0.005
23.4455	0.005
23.4561	0.005
23.4672	0.005
23.4781	0.005
23.4883	0.005
23.4973	0.005
23.5047	0.005
23.5101	0.005
23.5131	0.005
23.5139	0.005
23.5157	0.005
23.5199	0.005
23.5263	0.005
23.5346	0.005
23.5443	0.005
23.5549	0.005
23.566	0.005
23.5769	0.005
23.5871	0.005
23.5961	0.005
23.6035	0.005
23.6089	0.005
23.6119	0.005
23.6127	0.005
23.6145	0.005
23.6187	0.005
23.6251	0.005
23.6334	0.005
23.6431	0.005
23.6537	0.005
23.6648	0.005
23.6757	0.005
23.6859	0.005
23.6949	0.005
23.7023	0.005
23.7077	0.005
23.7107	0.005
23.7115	0.005
23.7133	0.005
23.7175	0.005
23.7239	0.005
23.7322	0.005
23.7419	0.005
23.7525	0.005
23.7636	0.005
23.7745	0.005
23.7847	0.005
23.7937	0.005
23.8011	0.005
23.8065	0.005
23.8095	0.005
23.8103	0.005
23.8121	0.005
23.8163	0.005
23.8227	0.005
23.831	0.005
23.8407	0.005
23.8513	0.005
23.8624	0.005
23.8733	0.005
23.8835	0.005
23.8925	0.005
23.8999	0.005
23.9053	0.005
23.9083	0.005
23.9091	0.005
23.9109	0.005
23.9151	0.005
23.9215	0.005
23.9298	0.005
23.9395	0.005
23.9501	0.005
23.9612	0.005
23.9721	0.005
23.9823	0.005
23.9913	0.005
23.9987	0.005
24.0041	0.005
24.0071	0.005
24.0079	0.005
24.0097	0.005
24.0139	0.005
24.0203	0.005
24.0286	0.005
24.0383	0.005
24.0489	0.005
24.06	0.005
24.0709	0.005
24.0811	0.005
24.0901	0.005
24.0975	0.005
24.1029	0.005
24.1059	0.005
24.1067	0.005
24.1085	0.005
24.1127	0.005
24.1191	0.005
24.1274	0.005
24.1371	0.005
24.1477	0.005
24.1588	0.005
24.1697	0.005
24.1799	0.005
24.1889	0.005
24.1963	0.005
24.2017	0.005
24.2047	0.005
24.2055	0.005
24.2073	0.005
24.2115	0.005
24.2179	0.005
24.2262	0.005
24.2359	0.005
24.2465	0.005
24.2576	0.005
24.2685	0.005
24.2787	0.005
24.2877	0.005
24.2951	0.005
24.3005	0.005
24.3035	0.005
24.3043	0.005
24.3061	0.005
24.3103	0.005
24.3167	0.005
24.325	0.005
24.3347	0.005
24.3453	0.005
24.3564	0.005
24.3673	0.005
24.3775	0.005
24.3865	0.005
24.3939	0.005
24.3993	0.005
24.4023	0.005
24.4031	0.005
24.4049	0.005
24.4091	0.005
24.4155	0.005
24.4238	0.005
24.4335	0.005
24.4441	0.005
24.4552	0.005
24.4661	0.005
24.4763	0.005
24.4853	0.005
24.4927	0.005
24.4981	0.005
24.5011	0.005
24.5018	0.005
24.5037	0.005
24.5079	0.005
24.5143	0.005
24.5226	0.005
24.5323	0.005
24.5429	0.005
24.554	0.005
24.5649	0.005
24.5751	0.005
24.5841	0.005
24.5915	0.005
24.5969	0.005
24.5999	0.005
24.6006	0.005
24.6025	0.005
24.6067	0.005
24.6131	0.005
24.6214	0.005
24.6311	0.005
24.6417	0.005
24.6528	0.005
24.6637	0.005
24.6739	0.005
24.6829	0.005
24.6903	0.005
24.6957	0.005
24.6987	0.005
24.6994	0.005
24.7013	0.005
24.7055	0.005
24.7119	0.005
24.7202	0.005
24.7299	0.005
24.7405	0.005
24.7516	0.005
24.7625	0.005
24.7727	0.005
24.7817	0.005
24.7891	0.005
24.7944	0.005
24.7975	0.005
24.7982	0.005
24.8001	0.005
24.8043	0.005
24.8107	0.005
24.819	0.005
24.8287	0.005
24.8393	0.005
24.8503	0.005
24.8613	0.005
24.8715	0.005
24.8805	0.005
24.8879	0.005
24.8932	0.005
24.8963	0.005
24.897	0.005
24.8989	0.005
24.9031	0.005
24.9095	0.005
24.9178	0.005
24.9275	0.005
24.9381	0.005
24.9491	0.005
24.9601	0.005
24.9703	0.005
24.9793	0.005
24.9867	0.005
24.992	0.005
24.9951	0.005
24.9958	0.005
24.9977	0.005
25.0019	0.005
25.0083	0.005
25.0166	0.005
25.0263	0.005
25.0369	0.005
25.0479	0.005
25.0589	0.005
25.0691	0.005
25.0781	0.005
25.0855	0.005
25.0908	0.005
25.0939	0.005
25.0946	0.005
25.0965	0.005
25.1007	0.005
25.1071	0.005
25.1154	0.005
25.1251	0.005
25.1357	0.005
25.1467	0.005
25.1577	0.005
25.1679	0.005
25.1769	0.005
25.1843	0.005
25.1896	0.005
25.1927	0.005
25.1934	0.005
25.1953	0.005
25.1995	0.005
25.2059	0.005
25.2142	0.005
25.2239	0.005
25.2345	0.005
25.2455	0.005
25.2565	0.005
25.2667	0.005
25.2757	0.005
25.2831	0.005
25.2884	0.005
25.2915	0.005
25.2922	0.005
25.2941	0.005
25.2983	0.005
25.3047	0.005
25.313	0.005
25.3227	0.005
25.3333	0.005
25.3443	0.005
25.3553	0.005
25.3655	0.005
25.3745	0.005
25.3819	0.005
25.3872	0.005
25.3903	0.005
25.391	0.005
25.3929	0.005
25.3971	0.005
25.4035	0.005
25.4118	0.005
25.4214	0.005
25.4321	0.005
25.4431	0.005
25.454	0.005
25.4643	0.005
25.4733	0.005
25.4807	0.005
25.486	0.005
25.4891	0.005
25.4898	0.005
25.4917	0.005
25.4959	0.005
25.5023	0.005
25.5106	0.005
25.5202	0.005
25.5309	0.005
25.5419	0.005
25.5528	0.005
25.5631	0.005
25.5721	0.005
25.5795	0.005
25.5848	0.005
25.5879	0.005
25.5886	0.005
25.5905	0.005
25.5947	0.005
25.6011	0.005
25.6094	0.005
25.619	0.005
25.6297	0.005
25.6407	0.005
25.6516	0.005
25.6619	0.005
25.6709	0.005
25.6783	0.005
25.6836	0.005
25.6867	0.005
25.6874	0.005
25.6893	0.005
25.6935	0.005
25.6999	0.005
25.7082	0.005
25.7178	0.005
25.7285	0.005
25.7395	0.005
25.7504	0.005
25.7607	0.005
25.7697	0.005
25.7771	0.005
25.7824	0.005
25.7855	0.005
25.7862	0.005
25.7881	0.005
25.7923	0.005
25.7987	0.005
25.807	0.005
25.8166	0.005
25.8273	0.005
25.8383	0.005
25.8492	0.005
25.8595	0.005
25.8685	0.005
25.8759	0.005
25.8812	0.005
25.8843	0.005
25.885	0.005
25.8869	0.005
25.8911	0.005
25.8975	0.005
25.9057	0.005
25.9154	0.005
25.9261	0.005
25.9371	0.005
25.948	0.005
25.9583	0.005
25.9673	0.005
25.9747	0.005
25.98	0.005
25.9831	0.005
25.9838	0.005
25.9857	0.005
25.9899	0.005
25.9963	0.005
26.0045	0.005
26.0142	0.005
26.0249	0.005
26.0359	0.005
26.0468	0.005
26.0571	0.005
26.0661	0.005
26.0735	0.005
26.0788	0.005
26.0819	0.005
26.0826	0.005
26.0845	0.005
26.0887	0.005
26.0951	0.005
26.1033	0.005
26.113	0.005
26.1237	0.005
26.1347	0.005
26.1456	0.005
26.1559	0.005
26.1649	0.005
26.1723	0.005
26.1776	0.005
26.1807	0.005
26.1814	0.005
26.1832	0.005
26.1875	0.005
26.1939	0.005
26.2021	0.005
26.2118	0.005
26.2225	0.005
26.2335	0.005
26.2444	0.005
26.2547	0.005
26.2637	0.005
26.2711	0.005
26.2764	0.005
26.2795	0.005
26.2802	0.005
26.282	0.005
26.2863	0.005
26.2927	0.005
26.3009	0.005
26.3106	0.005
26.3213	0.005
26.3323	0.005
26.3432	0.005
26.3535	0.005
26.3625	0.005
26.3699	0.005
26.3752	0.005
26.3783	0.005
26.379	0.005
26.3808	0.005
26.3851	0.005
26.3915	0.005
26.3997	0.005
26.4094	0.005
26.4201	0.005
26.4311	0.005
26.442	0.005
26.4523	0.005
26.4613	0.005
26.4687	0.005
26.474	0.005
26.4771	0.005
26.4778	0.005
26.4796	0.005
26.4839	0.005
26.4903	0.005
26.4985	0.005
26.5082	0.005
26.5189	0.005
26.5299	0.005
26.5408	0.005
26.5511	0.005
26.5601	0.005
26.5675	0.005
26.5728	0.005
26.5759	0.005
26.5766	0.005
26.5784	0.005
26.5827	0.005
26.5891	0.005
26.5973	0.005
26.607	0.005
26.6177	0.005
26.6287	0.005
26.6396	0.005
26.6498	0.005
26.6589	0.005
26.6663	0.005
26.6716	0.005
26.6747	0.005
26.6754	0.005
26.6772	0.005
26.6815	0.005
26.6879	0.005
26.6961	0.005
26.7058	0.005
26.7165	0.005
26.7275	0.005
26.7384	0.005
26.7486	0.005
26.7577	0.005
26.765	0.005
26.7704	0.005
26.7735	0.005
26.7742	0.005
26.776	0.005
26.7803	0.005
26.7867	0.005
26.7949	0.005
26.8046	0.005
26.8153	0.005
26.8263	0.005
26.8372	0.005
26.8474	0.005
26.8565	0.005
26.8638	0.005
26.8692	0.005
26.8723	0.005
26.873	0.005
26.8748	0.005
26.8791	0.005
26.8855	0.005
26.8937	0.005
26.9034	0.005
26.9141	0.005
26.9251	0.005
26.936	0.005
26.9462	0.005
26.9553	0.005
26.9626	0.005
26.968	0.005
26.9711	0.005
26.9718	0.005
26.9736	0.005
26.9779	0.005
26.9843	0.005
26.9925	0.005
27.0022	0.005
27.0128	0.005
27.0239	0.005
27.0348	0.005
27.045	0.005
27.0541	0.005
27.0614	0.005
27.0668	0.005
27.0699	0.005
27.0706	0.005
27.0724	0.005
27.0767	0.005
27.0831	0.005
27.0913	0.005
27.101	0.005
27.1116	0.005
27.1227	0.005
27.1336	0.005
27.1438	0.005
27.1529	0.005
27.1602	0.005
27.1656	0.005
27.1687	0.005
27.1694	0.005
27.1712	0.005
27.1755	0.005
27.1819	0.005
27.1901	0.005
27.1998	0.005
27.2104	0.005
27.2215	0.005
27.2324	0.005
27.2426	0.005
27.2517	0.005
27.259	0.005
27.2644	0.005
27.2675	0.005
27.2682	0.005
27.27	0.005
27.2743	0.005
27.2807	0.005
27.2889	0.005
27.2986	0.005
27.3092	0.005
27.3203	0.005
27.3312	0.005
27.3414	0.005
27.3505	0.005
27.3578	0.005
27.3632	0.005
27.3663	0.005
27.367	0.005
27.3688	0.005
27.3731	0.005
27.3795	0.005
27.3877	0.005
27.3974	0.005
27.408	0.005
27.4191	0.005
27.43	0.005
27.4402	0.005
27.4493	0.005
27.4566	0.005
27.462	0.005
27.4651	0.005
27.4658	0.005
27.4676	0.005
27.4719	0.005
27.4783	0.005
27.4865	0.005
27.4962	0.005
27.5068	0.005
27.5179	0.005
27.5288	0.005
27.539	0.005
27.5481	0.005
27.5554	0.005
27.5608	0.005
27.5639	0.005
27.5646	0.005
27.5664	0.005
27.5707	0.005
27.5771	0.005
27.5853	0.005
27.595	0.005
27.6056	0.005
27.6167	0.005
27.6276	0.005
27.6378	0.005
27.6469	0.005
27.6542	0.005
27.6596	0.005
27.6627	0.005
27.6634	0.005
27.6652	0.005
27.6695	0.005
27.6759	0.005
27.6841	0.005
27.6938	0.005
27.7044	0.005
27.7155	0.005
27.7264	0.005
27.7366	0.005
27.7457	0.005
27.753	0.005
27.7584	0.005
27.7614	0.005
27.7622	0.005
27.764	0.005
27.7682	0.005
27.7747	0.005
27.7829	0.005
27.7926	0.005
27.8032	0.005
27.8143	0.005
27.8252	0.005
27.8354	0.005
27.8444	0.005
27.8518	0.005
27.8572	0.005
27.8602	0.005
27.861	0.005
27.8628	0.005
27.867	0.005
27.8735	0.005
27.8817	0.005
27.8914	0.005
27.902	0.005
27.9131	0.005
27.924	0.005
27.9342	0.005
27.9432	0.005
27.9506	0.005
27.956	0.005
27.959	0.005
27.9598	0.005
27.9616	0.005
27.9658	0.005
27.9722	0.005
27.9805	0.005
27.9902	0.005
28.0008	0.005
28.0119	0.005
28.0228	0.005
28.033	0.005
28.042	0.005
28.0494	0.005
28.0548	0.005
28.0578	0.005
28.0586	0.005
28.0604	0.005
28.0646	0.005
28.071	0.005
28.0793	0.005
28.089	0.005
28.0996	0.005
28.1107	0.005
28.1216	0.005
28.1318	0.005
28.1408	0.005
28.1482	0.005
28.1536	0.005
28.1566	0.005
28.1574	0.005
28.1592	0.005
28.1634	0.005
28.1698	0.005
28.1781	0.005
28.1878	0.005
28.1984	0.005
28.2095	0.005
28.2204	0.005
28.2306	0.005
28.2396	0.005
28.247	0.005
28.2524	0.005
28.2554	0.005
28.2562	0.005
28.258	0.005
28.2622	0.005
28.2686	0.005
28.2769	0.005
28.2866	0.005
28.2972	0.005
28.3083	0.005
28.3192	0.005
28.3294	0.005
28.3384	0.005
28.3458	0.005
28.3512	0.005
28.3542	0.005
28.355	0.005
28.3568	0.005
28.361	0.005
28.3674	0.005
28.3757	0.005
28.3854	0.005
28.396	0.005
28.4071	0.005
28.418	0.005
28.4282	0.005
28.4372	0.005
28.4446	0.005
28.45	0.005
28.453	0.005
28.4538	0.005
28.4556	0.005
28.4598	0.005
28.4662	0.005
28.4745	0.005
28.4842	0.005
28.4948	0.005
28.5059	0.005
28.5168	0.005
28.527	0.005
28.536	0.005
28.5434	0.005
28.5488	0.005
28.5518	0.005
28.5526	0.005
28.5544	0.005
28.5586	0.005
28.565	0.005
28.5733	0.005
28.583	0.005
28.5936	0.005
28.6047	0.005
28.6156	0.005
28.6258	0.005
28.6348	0.005
28.6422	0.005
28.6476	0.005
28.6506	0.005
28.6514	0.005
28.6532	0.005
28.6574	0.005
28.6638	0.005
28.6721	0.005
28.6818	0.005
28.6924	0.005
28.7035	0.005
28.7144	0.005
28.7246	0.005
28.7336	0.005
28.741	0.005
28.7464	0.005
28.7494	0.005
28.7502	0.005
28.752	0.005
28.7562	0.005
28.7626	0.005
28.7709	0.005
28.7806	0.005
28.7912	0.005
28.8023	0.005
28.8132	0.005
28.8234	0.005
28.8324	0.005
28.8398	0.005
28.8452	0.005
28.8482	0.005
28.849	0.005
28.8508	0.005
28.855	0.005
28.8614	0.005
28.8697	0.005
28.8794	0.005
28.89	0.005
28.9011	0.005
28.912	0.005
28.9222	0.005
28.9312	0.005
28.9386	0.005
28.944	0.005
28.947	0.005
28.9477	0.005
28.9496	0.005
28.9538	0.005
28.9602	0.005
28.9685	0.005
28.9782	0.005
28.9888	0.005
28.9999	0.005
29.0108	0.005
29.021	0.005
29.03	0.005
29.0374	0.005
29.0428	0.005
29.0458	0.005
29.0465	0.005
29.0484	0.005
29.0526	0.005
29.059	0.005
29.0673	0.005
29.077	0.005
29.0876	0.005
29.0987	0.005
29.1096	0.005
29.1198	0.005
29.1288	0.005
29.1362	0.005
29.1416	0.005
29.1446	0.005
29.1453	0.005
29.1472	0.005
29.1514	0.005
29.1578	0.005
29.1661	0.005
29.1758	0.005
29.1864	0.005
29.1975	0.005
29.2084	0.005
29.2186	0.005
29.2276	0.005
29.235	0.005
29.2403	0.005
29.2434	0.005
29.2441	0.005
29.2466	0.005
29.2522	0.005
29.2608	0.005
29.2718	0.005
29.2847	0.005
29.2989	0.005
29.3136	0.005
29.3282	0.005
29.3418	0.005
29.3538	0.005
29.3637	0.005
29.3708	0.005
29.3749	0.005
29.3759	0.005
29.3783	0.005
29.384	0.005
29.3925	0.005
29.4035	0.005
29.4164	0.005
29.4306	0.005
29.4453	0.005
29.4599	0.005
29.4735	0.005
29.4856	0.005
29.4954	0.005
29.5025	0.005
29.5066	0.005
29.5076	0.005
29.5101	0.005
29.5157	0.005
29.5242	0.005
29.5352	0.005
29.5482	0.005
29.5623	0.005
29.5771	0.005
29.5916	0.005
29.6053	0.005
29.6173	0.005
29.6271	0.005
29.6343	0.005
29.6384	0.005
29.6393	0.005
29.6418	0.005
29.6474	0.005
29.656	0.005
29.667	0.005
29.6799	0.005
29.6941	0.005
29.7088	0.005
29.7234	0.005
29.737	0.005
29.749	0.005
29.7589	0.005
29.766	0.005
29.7701	0.005
29.7711	0.005
29.7735	0.005
29.7792	0.005
29.7877	0.005
29.7987	0.005
29.8116	0.005
29.8258	0.005
29.8405	0.005
29.8551	0.005
29.8687	0.005
29.8808	0.005
29.8906	0.005
29.8977	0.005
29.9018	0.005
29.9028	0.005
29.9052	0.005
29.9109	0.005
29.9194	0.005
29.9304	0.005
29.9434	0.005
29.9575	0.005
29.9723	0.005
29.9868	0.005
30.0005	0.005
30.0125	0.005
30.0223	0.005
30.0295	0.005
30.0336	0.005
30.0345	0.005
30.0364	0.005
30.0406	0.005
30.047	0.005
30.0553	0.005
30.0649	0.005
30.0756	0.005
30.0866	0.005
30.0975	0.005
30.1078	0.005
30.1168	0.005
30.1242	0.005
30.1295	0.005
30.1326	0.005
30.1333	0.005
30.1352	0.005
30.1394	0.005
30.1458	0.005
30.1541	0.005
30.1637	0.005
30.1744	0.005
30.1854	0.005
30.1963	0.005
30.2066	0.005
30.2156	0.005
30.223	0.005
30.2283	0.005
30.2314	0.005
30.2321	0.005
30.234	0.005
30.2382	0.005
30.2446	0.005
30.2529	0.005
30.2625	0.005
30.2732	0.005
30.2842	0.005
30.2951	0.005
30.3054	0.005
30.3144	0.005
30.3218	0.005
30.3271	0.005
30.3302	0.005
30.3309	0.005
30.3328	0.005
30.337	0.005
30.3434	0.005
30.3516	0.005
30.3613	0.005
30.372	0.005
30.383	0.005
30.3939	0.005
30.4042	0.005
30.4132	0.005
30.4206	0.005
30.4259	0.005
30.429	0.005
30.4297	0.005
30.4316	0.005
30.4358	0.005
30.4422	0.005
30.4504	0.005
30.4601	0.005
30.4708	0.005
30.4818	0.005
30.4927	0.005
30.503	0.005
30.512	0.005
30.5194	0.005
30.5247	0.005
30.5278	0.005
30.5285	0.005
30.5304	0.005
30.5346	0.005
30.541	0.005
30.5492	0.005
30.5589	0.005
30.5696	0.005
30.5806	0.005
30.5915	0.005
30.6018	0.005
30.6108	0.005
30.6182	0.005
30.6235	0.005
30.6266	0.005
30.6273	0.005
30.6291	0.005
30.6334	0.005
30.6398	0.005
30.648	0.005
30.6577	0.005
30.6684	0.005
30.6794	0.005
30.6903	0.005
30.7006	0.005
30.7096	0.005
30.717	0.005
30.7223	0.005
30.7254	0.005
30.7261	0.005
30.7279	0.005
30.7322	0.005
30.7386	0.005
30.7468	0.005
30.7565	0.005
30.7672	0.005
30.7782	0.005
30.7891	0.005
30.7994	0.005
30.8084	0.005
30.8158	0.005
30.8211	0.005
30.8242	0.005
30.8249	0.005
30.8267	0.005
30.831	0.005
30.8374	0.005
30.8456	0.005
30.8553	0.005
30.866	0.005
30.877	0.005
30.8879	0.005
30.8982	0.005
30.9072	0.005
30.9146	0.005
30.9199	0.005
30.923	0.005
30.9237	0.005
30.9255	0.005
30.9298	0.005
30.9362	0.005
30.9444	0.005
30.9541	0.005
30.9648	0.005
30.9758	0.005
30.9867	0.005
30.997	0.005
31.006	0.005
31.0134	0.005
31.0187	0.005
31.0218	0.005
31.0225	0.005
31.0243	0.005
31.0286	0.005
31.035	0.005
31.0432	0.005
31.0529	0.005
31.0636	0.005
31.0746	0.005
31.0855	0.005
31.0957	0.005
31.1048	0.005
31.1122	0.005
31.1175	0.005
31.1206	0.005
31.1213	0.005
31.1231	0.005
31.1274	0.005
31.1338	0.005
31.142	0.005
31.1517	0.005
31.1624	0.005
31.1734	0.005
31.1843	0.005
31.1945	0.005
31.2036	0.005
31.2109	0.005
31.2163	0.005
31.2194	0.005
31.2201	0.005
31.2219	0.005
31.2262	0.005
31.2326	0.005
31.2408	0.005
31.2505	0.005
31.2612	0.005
31.2722	0.005
31.2831	0.005
31.2933	0.005
31.3024	0.005
31.3097	0.005
31.3151	0.005
31.3182	0.005
31.3189	0.005
31.3207	0.005
31.325	0.005
31.3314	0.005
31.3396	0.005
31.3493	0.005
31.36	0.005
31.371	0.005
31.3819	0.005
31.3921	0.005
31.4012	0.005
31.4085	0.005
31.4139	0.005
31.417	0.005
31.4177	0.005
31.4195	0.005
31.4238	0.005
31.4302	0.005
31.4384	0.005
31.4481	0.005
31.4587	0.005
31.4698	0.005
31.4807	0.005
31.4909	0.005
31.5	0.005
31.5073	0.005
31.5127	0.005
31.5158	0.005
31.5165	0.005
31.5183	0.005
31.5226	0.005
31.529	0.005
31.5372	0.005
31.5469	0.005
31.5575	0.005
31.5686	0.005
31.5795	0.005
31.5897	0.005
31.5988	0.005
31.6061	0.005
31.6115	0.005
31.6146	0.005
31.6153	0.005
